-50 -49
-50 -46
-50 -29
-50 -20
-50 -2
-50 12
-49 -17
-49 15
-49 20
-48 -10
-48 4
-48 43
-47 -27
-47 -26
-47 7
-47 23
-46 31
-46 43
-45 -12
-45 -5
-45 29
-44 -23
-44 3
-43 -33
-43 -32
-43 -31
-43 7
-43 46
-42 -16
-42 8
-42 12
-42 23
-42 23
-42 36
-42 46
-41 -40
-41 11
-41 12
-40 -44
-40 -40
-40 -26
-40 28
-39 -24
-38 -39
-38 -1
-38 6
-37 -41
-37 -8
-37 9
-37 11
-36 -40
-36 -40
-36 -9
-36 -4
-36 8
-34 -40
-34 -35
-34 27
-33 -1
-32 -38
-32 -32
-32 3
-32 11
-31 -42
-31 -29
-31 -13
-30 24
-30 24
-30 28
-30 29
-29 -37
-29 -6
-29 -6
-28 -39
-28 -34
-28 -28
-28 9
-28 49
-27 -49
-27 -9
-27 -6
-27 26
-26 -38
-26 -29
-26 11
-26 32
-25 -1
-24 7
-24 31
-24 40
-23 -1
-23 10
-22 -22
-22 -16
-22 23
-20 -21
-20 23
-20 33
-20 37
-19 -38
-19 15
-19 42
-18 -34
-18 -34
-18 -6
-18 27
-18 45
-17 -42
-16 -38
-16 -31
-16 -30
-16 40
-15 -42
-15 26
-14 -26
-14 25
-14 46
-13 -35
-13 -30
-13 -8
-12 -35
-12 -25
-12 -11
-12 28
-12 42
-12 45
-10 2
-10 26
-9 1
-9 44
-9 48
-8 -24
-8 -7
-8 24
-7 -21
-7 -16
-7 16
-7 19
-7 36
-7 39
-6 -33
-6 -30
-6 37
-6 39
-5 6
-5 43
-4 -11
-3 -23
-3 29
-3 46
-2 -18
-1 -12
-1 -3
-1 12
-1 43
-1 44
-1 46
0 11
1 -23
1 -19
1 2
2 19
3 -16
4 -25
4 -20
4 -10
4 19
5 -36
5 21
5 24
6 -17
7 -6
8 -41
8 -37
8 -29
8 -27
8 -25
8 -24
8 -19
8 21
9 -31
9 5
10 -23
10 -19
10 50
11 -3
11 4
11 11
11 35
12 -45
12 -6
13 11
13 15
14 -35
14 28
15 -26
15 -22
15 20
15 29
15 39
16 -4
16 0
16 2
16 21
17 -29
17 10
17 31
18 -35
18 8
18 39
19 -22
19 -18
19 -9
21 8
22 -41
22 -36
22 -34
22 -7
22 25
23 -47
23 27
23 38
24 -41
24 9
25 -26
25 -19
25 -6
26 -42
26 35
27 -44
28 -43
28 -26
28 -6
28 18
28 34
28 46
29 -42
29 -37
29 11
29 17
29 37
30 -17
30 -16
30 12
30 48
31 22
32 -46
32 -23
32 -17
32 29
33 -42
33 4
33 39
34 -39
34 -11
34 40
35 13
35 24
35 40
35 42
35 50
36 -44
36 -16
37 -43
37 -35
37 8
37 13
37 22
37 23
37 33
37 41
38 -34
38 -33
38 -25
38 -24
38 25
38 28
38 34
39 -25
39 31
39 31
39 32
40 -30
40 -10
40 33
40 34
41 5
41 14
41 48
42 -15
42 -11
42 -2
42 8
42 15
43 -12
43 -1
43 17
43 37
44 -8
44 42
45 -39
45 -28
45 -24
45 -20
45 24
46 -50
46 -3
46 9
46 9
46 11
47 -28
47 -22
47 -3
47 0
48 -5
48 -1
48 6
49 -9
50 -47
50 -43
50 17
