162 9 61
323 18 20
352 18 26
472 9 74
500 18 74
45 5 84
23 11 13
168 3 3
201 19 25
306 20 44
240 15 78
378 20 43
122 19 79
527 6 78
12 20 70
186 14 33
213 11 14
19 3 92
391 2 74
188 20 35
85 8 98
583 4 37
588 18 39
455 10 21
413 18 51
260 5 51
104 3 14
578 1 41
261 9 13
535 17 17
366 7 15
292 7 44
175 13 85
309 20 42
561 8 13
376 5 4
56 8 17
134 5 75
73 11 5
509 2 53
232 10 99
367 19 10
545 12 74
176 10 54
173 12 8
240 1 26
428 8 36
414 16 41
227 17 18
475 8 11
573 5 40
509 4 87
525 14 77
405 9 50
516 5 60
472 7 25
62 11 52
245 12 40
520 17 31
488 1 80
508 9 35
324 8 57
17 20 20
470 2 3
565 19 100
258 11 19
468 9 99
109 10 56
422 17 19
543 9 28
195 3 93
236 10 36
269 4 95
520 7 99
473 13 94
7 16 26
599 7 48
311 19 9
505 1 71
426 19 32
17 15 20
393 7 48
104 20 88
264 14 62
235 3 59
399 6 96
362 2 38
163 15 41
35 5 39
419 7 90
211 16 3
119 5 13
155 6 3
452 7 68
85 7 36
64 14 98
367 11 1
164 18 12
438 13 25
349 14 88
356 9 16
470 6 36
598 12 100
513 3 11
113 7 72
297 18 46
265 18 28
139 18 55
357 4 83
314 2 6
477 19 43
323 12 38
122 12 69
283 7 10
236 19 80
292 2 28
4 7 92
327 11 30
293 1 84
467 8 67
522 20 13
263 9 16
38 1 1
197 6 26
448 3 90
191 18 68
417 1 20
407 14 72
71 7 34
560 11 89
515 16 71
431 10 13
267 2 4
550 20 66
344 12 62
185 15 13
71 12 34
213 19 4
533 17 20
224 10 11
41 15 57
21 1 7
256 4 87
145 20 66
354 18 83
445 11 87
251 19 70
100 19 66
532 4 70
364 14 58
368 16 70
379 1 48
90 12 84
473 17 84
600 12 43
225 12 14
16 14 68
141 5 36
461 16 15
381 12 66
283 10 51
355 8 26
51 19 3
475 13 45
426 15 86
138 20 24
78 7 95
70 19 35
336 11 19
454 10 44
445 13 89
487 20 61
381 20 5
23 8 67
255 3 77
516 1 41
521 2 61
109 16 79
551 9 42
77 20 71
527 13 2
249 15 70
409 9 65
64 11 51
466 3 26
279 2 77
18 17 40
521 13 8
547 16 67
346 14 44
471 17 32
20 2 21
103 15 49
202 6 58
246 14 11
338 1 19
32 15 55
313 5 13
16 1 73
226 5 31
433 4 40
86 6 1
311 4 52
357 13 3
80 8 45
309 17 84
285 3 5
419 18 34
300 2 41
225 18 52
583 6 91
57 19 88
88 16 46
21 9 42
346 2 38
492 10 91
39 15 12
105 15 18
184 4 42
385 16 75
191 20 24
596 19 32
596 1 4
300 17 8
533 19 76
46 20 29
217 7 88
69 15 48
260 7 1
520 12 21
576 5 73
335 13 71
517 2 42
65 7 51
353 16 4
559 15 13
286 5 54
236 16 53
345 19 39
104 19 30
231 15 37
159 1 5
89 1 7
500 15 31
205 17 57
525 19 29
555 9 80
229 20 36
91 4 13
545 11 100
348 20 16
466 18 65
149 8 30
168 6 63
204 10 33
191 12 69
191 5 7
204 9 96
565 15 3
530 14 51
141 6 7
33 14 64
477 7 96
168 5 67
465 9 35
103 14 21
161 3 29
125 3 37
449 13 99
75 5 41
447 15 71
417 7 83
167 5 36
339 13 13
197 1 10
156 9 74
477 14 97
378 15 6
47 10 69
542 5 15
78 11 53
521 10 83
15 10 30
290 19 3
278 19 9
418 19 38
315 1 59
246 16 19
433 12 66
149 4 10
99 19 53
435 13 82
241 2 71
373 12 20
38 14 21
303 16 25
172 7 15
284 17 71
318 6 52
154 10 87
411 4 79
370 16 50
63 11 63
0 7 46
575 7 100
186 8 18
511 1 92
388 20 100
327 19 4
352 12 72
507 4 74
207 10 84
370 18 4
565 1 4
221 7 17
281 3 62
588 1 47
314 17 76
248 19 65
430 10 83
298 11 44
367 3 100
62 6 24
564 1 2
216 9 100
414 20 68
319 2 7
97 15 87
562 18 37
69 7 51
365 20 79
374 3 74
537 13 94
4 13 53
342 15 13
335 16 94
296 13 95
49 15 78
289 1 27
270 7 72
84 4 23
393 10 28
294 8 4
475 7 54
338 15 5
2 16 31
506 11 72
59 3 11
250 12 22
377 4 47
372 8 19
338 20 91
217 15 92
67 4 12
471 19 6
87 14 90
163 5 47
382 2 61
61 3 77
209 7 26
441 8 30
574 6 39
575 17 23
413 5 94
531 16 11
315 13 58
439 10 100
76 16 64
431 3 18
529 5 59
174 18 47
487 17 25
75 6 6
308 4 13
492 2 68
577 1 19
444 18 57
34 11 92
298 1 61
393 16 74
18 5 24
516 8 1
176 15 81
214 13 42
84 15 44
129 13 84
585 16 94
56 6 9
495 9 85
35 10 81
87 12 10
473 10 29
236 2 53
49 18 47
315 7 18
215 8 40
415 14 43
82 12 66
5 1 82
597 14 9
344 3 72
297 17 4
414 17 30
66 11 95
77 9 65
427 8 19
329 11 81
468 4 20
383 11 30
239 9 65
162 2 66
242 2 86
182 14 45
389 17 12
509 9 24
325 18 58
205 12 76
113 12 28
89 6 99
595 1 85
379 17 46
497 10 96
381 19 41
558 11 27
48 19 75
113 15 24
369 4 5
157 6 5
30 9 49
492 14 99
193 11 14
464 4 15
87 19 94
392 4 55
597 20 91
124 14 84
459 12 62
588 17 1
389 15 27
572 18 54
41 1 42
260 15 32
36 9 7
173 11 14
586 4 51
346 18 30
210 19 20
41 10 42
115 4 45
388 19 31
209 13 78
432 1 15
600 10 30
363 18 72
593 6 80
250 13 79
511 8 42
592 9 61
522 13 3
271 9 97
458 11 19
218 4 33
382 10 76
36 3 84
27 20 100
321 18 66
6 14 68
202 4 99
140 9 99
219 10 75
298 3 16
413 1 88
482 20 15
436 6 6
331 19 95
159 6 22
10 8 3
15 18 59
175 16 51
475 1 85
347 3 87
101 16 4
373 17 29
304 15 58
48 3 10
574 14 40
593 3 31
21 15 60
109 17 95
480 7 54
289 15 5
530 11 81
557 3 9
448 20 43
143 17 18
584 10 21
472 2 96
426 2 100
196 6 6
150 19 58
302 11 19
443 18 8
222 19 83
85 13 79
44 11 61
365 6 99
537 1 74
135 5 54
590 13 41
162 5 23
301 5 17
151 6 2
4 18 70
156 13 85
401 4 47
419 2 87
355 10 68
199 19 3
266 15 100
284 14 82
191 8 72
37 15 18
407 11 62
28 6 95
409 6 97
548 19 78
93 9 72
448 10 22
589 20 89
578 17 87
215 16 75
405 14 35
469 20 99
138 4 92
155 1 62
275 20 95
393 13 38
129 18 93
113 18 63
333 2 7
321 12 48
52 5 1
408 18 34
407 1 86
476 3 65
380 14 76
396 9 54
591 5 93
556 9 33
302 6 87
463 19 6
542 9 36
469 5 32
551 16 21
368 20 35
8 2 46
97 13 23
312 5 34
507 9 56
565 13 36
14 10 64
67 12 29
106 19 20
39 17 99
432 13 99
567 8 100
293 12 58
573 15 15
410 18 7
194 1 68
590 2 6
374 4 90
331 12 43
279 10 8
164 16 58
145 18 100
534 2 82
447 7 90
181 19 16
585 15 50
440 17 27
228 12 64
576 11 77
344 15 43
304 4 60
541 2 32
185 11 5
49 16 63
522 17 38
127 13 78
147 18 40
273 19 27
490 4 54
376 14 40
557 11 9
48 16 46
596 11 28
373 7 53
181 8 38
385 7 14
81 20 74
426 7 61
433 11 100
8 20 76
50 16 88
172 6 33
173 9 51
394 16 34
46 11 67
463 9 57
471 5 70
110 20 21
447 12 57
174 7 84
455 14 43
318 2 89
337 13 79
297 2 53
18 18 66
513 15 1
453 11 94
422 2 47
420 4 47
524 12 34
326 11 53
294 16 62
596 8 78
195 17 73
170 1 68
169 6 23
17 16 29
45 10 10
548 15 57
493 20 73
371 16 81
445 15 82
153 11 14
393 6 5
22 10 25
256 20 75
73 1 87
389 7 35
126 8 19
133 19 74
294 6 51
248 6 14
129 3 66
494 13 42
390 17 48
374 16 74
225 5 50
523 11 14
199 20 65
590 18 13
117 19 96
540 1 67
67 17 43
336 18 95
278 15 50
157 10 8
528 7 33
444 3 81
158 8 82
514 1 44
304 9 48
123 19 47
97 6 11
62 10 99
62 9 47
202 5 16
106 15 14
21 12 83
32 19 58
594 15 25
362 19 10
193 2 8
301 12 65
336 8 52
125 14 85
362 7 81
285 16 42
513 18 75
542 7 46
90 1 100
54 8 26
494 10 97
7 1 12
434 8 17
149 1 59
575 20 30
225 15 4
383 15 32
216 5 73
337 3 85
142 12 97
25 11 44
486 15 38
553 8 68
246 19 75
370 11 98
376 19 64
155 12 99
316 7 41
64 13 55
554 15 34
127 5 45
545 4 82
559 10 25
591 12 25
451 17 31
371 6 68
580 4 62
388 12 81
148 11 68
204 16 94
316 2 72
107 16 39
338 10 13
443 10 13
273 12 66
499 10 53
88 13 27
339 5 60
428 11 48
333 17 16
26 6 93
498 16 15
523 4 39
506 18 82
153 3 94
490 7 97
110 1 25
593 7 98
190 15 86
350 7 24
334 4 71
11 18 27
457 20 24
527 3 33
165 19 57
446 6 67
5 11 70
126 17 78
512 2 70
151 17 2
475 10 69
528 15 51
543 10 64
536 14 72
165 13 42
266 20 66
514 17 93
85 11 82
549 6 59
599 2 43
527 5 58
454 20 8
132 4 34
270 6 44
256 14 81
53 6 96
402 7 83
456 3 63
52 17 25
233 2 67
552 11 64
167 6 26
450 6 44
524 13 30
378 14 1
174 8 28
146 12 53
590 20 9
413 20 82
345 18 56
528 18 11
438 12 8
465 8 51
52 15 62
197 4 91
111 9 21
578 10 96
471 4 16
145 17 17
137 18 56
524 11 66
112 7 74
142 20 50
413 2 57
461 9 97
381 16 94
566 13 74
231 14 42
396 11 89
203 15 27
61 2 14
151 3 19
251 2 47
141 2 59
144 8 9
236 18 65
367 14 2
313 2 46
468 12 96
363 17 33
560 10 20
91 2 27
204 17 85
240 8 80
515 2 98
546 5 30
525 17 43
395 11 20
526 13 50
193 8 19
126 12 90
256 13 44
41 13 93
403 10 44
525 12 8
314 18 8
544 11 93
241 20 78
16 11 89
17 3 92
3 9 89
543 3 9
317 17 6
508 19 20
286 9 17
574 2 16
493 15 68
148 12 20
181 7 47
358 13 100
439 18 47
353 13 16
429 7 52
95 8 71
349 10 93
158 1 84
156 2 68
508 15 53
6 7 99
492 6 2
266 12 25
223 11 25
338 12 11
400 18 44
452 9 40
584 13 40
477 5 1
579 3 75
546 10 73
189 8 50
269 7 82
290 4 41
494 4 59
222 9 82
438 3 64
271 14 19
217 13 47
410 8 90
431 9 6
51 17 26
323 10 48
556 14 62
400 5 70
192 7 55
472 13 20
464 15 92
271 3 91
3 4 77
538 4 39
261 19 5
221 20 14
455 3 2
17 17 73
128 20 26
530 7 41
299 18 19
494 15 70
3 15 94
510 1 2
208 16 53
272 10 99
381 14 26
198 9 25
439 3 12
518 5 68
591 19 28
588 3 16
441 1 33
143 5 32
459 20 33
28 8 45
420 6 58
118 13 51
15 16 8
449 12 28
487 9 9
268 16 33
467 17 22
487 6 87
553 12 8
395 20 73
432 10 53
230 20 70
188 7 1
238 15 88
315 14 68
78 2 11
341 16 70
169 8 95
197 14 95
336 7 76
458 8 85
455 17 63
229 9 53
594 17 89
229 14 69
289 2 8
325 19 76
416 11 65
347 2 31
68 17 39
145 4 54
327 1 47
193 6 18
317 20 48
50 15 12
55 9 17
77 4 57
533 15 53
107 19 76
527 16 15
60 13 78
411 19 93
204 8 85
55 20 62
259 4 42
153 9 18
53 5 78
168 17 56
554 1 57
97 12 5
146 15 24
443 8 81
540 12 79
42 8 89
47 6 38
175 20 51
6 2 56
177 13 65
237 6 53
234 7 6
289 16 86
330 14 8
459 4 95
538 6 92
