132113213221133112132123222110132113213221133112132123222118132113213221133112132123222110
111312211312111322211011131221131211132221151113122113121113222110
111312211312111322212321121113121112133221103113112221131112311332111213122112311311123112112322211911131221131211132221232112111312111213322110
31131122211311123113321112131221123113111231121123222110132113213221133112132123123112111311222112132113311213211221121332211231131122211311123113321112131221123113111231121123222110
13211321322113311213212322211011131221131211132221232112111312111213322115132113213221133112132123222110
111312211312111322212321121113121112133221103113112221121321133112132112211213322112132113213221133112132123222110
132113213221133112132123222110132113213221133112132123222115132113213221133112132123222110
311311222113111231133211121312211231131112311211232221101321132132211331121321231231121113121113122122311311222113111231133221121113122113121113221112131221123113111231121123222110
111312211312111322212321121113121112133221101113122113121113222123211211131211121332211911131221131211132221232112111312111213322110
13211321322113311213212322211011131221131211132221232112111312111213322114132113213221133112132123222110
111312211312111322212321121113121112133221101113122113121113222123211211131211121332211511131221131211132221232112111312111213322110
111312211312111322212321121113121112133221103113112221131112311332111213122112311311123112112322211811131221131211132221232112111312111213322110
311311222113111231133211121312211231131112311211232221101321132132211331121321231231121113112221121321133112132112211213322110
13211321322113311213212322211011131221131211132221232112111312111213322112132113213221133112132123222110
311311222113111231133211121312211231131112311211232221101113122113121113222112311311221112131221123113112211322112211213322110
132113213221133112132123123112111311222112132113311213211221121332211011131221131211132221232112111312111213111213211231132132211211131221232112111312212221121123222110 
