30 40
97 93 34 23 97 64 72 63 97 67 36 66 89 36 14 83 51 92 38 42 72 48 70 75 18 36 34 75 92 62 24 43 72 56 31 86 90 71 77 71
19 64 66 91 33 12 48 71 94 18 91 45 97 56 30 32 75 17 73 66 89 40 36 68 70 29 39 61 12 95 81 29 58 44 14 65 73 24 60 96
82 63 99 49 38 83 76 84 91 10 74 51 41 63 32 21 66 80 15 19 94 93 36 70 64 77 48 66 65 29 32 58 95 86 99 11 41 94 99 89
99 25 63 79 11 80 85 85 94 78 89 69 26 84 34 65 62 29 48 58 50 92 57 44 91 48 63 89 84 62 21 93 17 50 68 79 98 49 67 77
27 38 90 94 18 69 56 35 21 54 69 43 99 38 78 61 47 56 93 55 40 62 89 21 87 72 10 84 15 39 26 20 26 37 41 33 11 56 63 61
56 99 60 36 65 25 42 69 11 18 24 53 48 53 12 17 21 86 32 86 28 95 99 71 89 65 62 58 41 50 93 50 53 70 55 63 48 18 43 80
97 58 11 96 98 39 61 86 42 71 31 50 12 32 64 29 21 98 35 84 82 22 74 10 34 89 49 90 68 84 71 68 26 55 29 15 52 29 41 95
34 84 71 78 55 50 90 59 45 68 88 79 30 48 85 53 56 46 17 47 26 17 29 78 38 73 88 32 47 53 91 31 98 88 88 82 45 79 97 64
54 22 44 21 33 27 17 87 22 48 54 61 94 11 40 17 48 18 46 82 50 16 44 87 18 18 94 99 55 18 91 33 55 96 99 94 25 48 76 86
88 71 42 23 78 90 72 87 13 93 51 42 19 70 18 32 68 26 11 87 39 69 37 53 27 51 75 24 45 45 99 55 40 63 14 17 32 47 29 15
88 27 77 71 64 16 36 76 11 65 20 45 72 19 63 11 20 47 56 95 30 62 61 31 81 39 59 18 92 23 70 35 77 47 99 75 95 30 53 53
35 14 80 40 38 35 66 18 91 35 83 61 46 73 62 23 47 87 76 94 25 39 41 53 75 19 29 32 24 37 64 42 40 18 87 69 88 15 89 14
14 73 22 31 60 94 48 48 97 85 43 79 49 72 55 38 58 71 94 39 37 94 69 33 77 35 65 54 49 98 73 99 57 56 28 76 35 80 38 92
19 41 94 60 15 78 91 94 69 63 12 89 49 99 84 41 64 71 15 82 70 69 55 53 91 87 52 85 15 51 52 46 73 54 58 17 20 91 28 93
14 30 95 52 22 83 32 36 48 90 23 17 69 83 61 67 11 53 44 40 46 30 16 91 18 92 68 40 87 25 96 85 52 73 47 81 92 64 26 51
42 74 19 15 80 44 51 89 49 26 11 42 16 88 97 24 98 94 77 50 87 14 83 44 80 17 88 23 39 99 87 25 51 36 55 73 61 67 44 68
21 62 20 76 48 86 32 49 98 74 34 11 52 52 25 41 99 39 71 80 93 48 61 97 39 64 46 64 61 45 76 85 81 19 26 60 68 46 60 63
70 98 18 95 65 59 86 71 96 55 19 36 57 19 74 14 15 37 74 36 21 51 14 82 48 93 93 72 93 88 60 24 84 74 46 93 37 33 16 46
83 41 51 32 30 10 49 47 49 59 40 76 33 27 71 36 99 37 12 14 62 36 91 93 88 68 78 86 59 26 91 58 59 60 66 16 43 49 33 70
62 34 32 87 10 29 63 56 50 65 93 71 31 35 50 90 83 76 65 17 75 63 63 54 15 54 90 31 24 38 57 56 86 31 52 19 59 49 66 55
83 98 16 93 46 22 29 12 18 36 43 79 18 97 95 86 14 31 42 24 18 25 75 78 84 31 72 48 14 77 20 54 15 88 56 50 56 80 76 70
90 70 50 13 22 29 22 86 29 30 63 55 85 46 66 18 50 33 56 84 32 14 77 64 37 88 88 91 75 46 65 79 40 49 29 47 38 20 27 91
19 59 73 71 27 80 21 10 21 64 39 20 86 68 29 27 57 62 85 69 30 22 35 47 88 87 92 29 52 89 65 17 82 47 10 10 67 46 86 18
40 45 36 65 82 15 78 40 73 73 85 59 60 86 75 28 82 46 25 61 21 49 14 43 83 15 15 12 73 67 21 55 64 38 65 85 69 87 34 73
26 70 53 34 71 56 36 35 27 15 25 36 53 96 59 84 15 87 94 74 89 59 81 64 24 34 99 49 16 71 30 23 93 73 19 29 19 77 82 83
45 28 89 40 64 30 65 41 17 61 31 46 64 10 70 21 32 16 16 12 82 89 82 16 98 69 31 97 98 82 80 20 73 88 70 98 88 17 32 56
77 49 89 44 87 79 10 21 57 61 91 64 11 10 80 36 18 71 52 33 80 38 60 32 62 75 70 96 24 98 54 22 55 78 69 19 42 62 17 56
87 13 84 81 60 93 45 23 45 95 94 10 11 46 37 20 77 76 48 43 92 94 97 57 17 62 19 79 98 49 14 80 85 90 79 47 50 91 28 61
98 87 38 73 28 28 98 64 92 51 26 36 87 60 86 35 83 58 18 28 83 75 24 11 87 67 23 66 78 20 52 17 15 50 77 86 93 17 72 11
11 46 10 76 39 49 18 33 69 63 86 29 51 41 22 41 90 79 84 21 77 95 38 13 69 11 31 85 29 28 45 52 82 74 75 55 26 66 54 46

520
2 0 3
3 0 2
4 0 1
8 0 9
9 0 3
11 0 5
12 0 9
20 0 8
21 0 2
23 0 1
26 0 1
27 0 3
31 0 2
36 0 9
37 0 6
2 1 8
3 1 9
7 1 6
8 1 4
9 1 4
10 1 3
11 1 7
12 1 5
14 1 6
15 1 1
16 1 8
20 1 9
23 1 1
24 1 3
26 1 2
28 1 5
29 1 4
30 1 1
32 1 6
35 1 1
36 1 5
37 1 1
3 2 6
4 2 5
5 2 9
6 2 3
9 2 2
11 2 7
12 2 4
17 2 3
19 2 6
20 2 5
21 2 6
22 2 8
25 2 2
26 2 4
28 2 7
29 2 7
30 2 4
31 2 8
33 2 3
34 2 5
35 2 5
36 2 2
0 3 5
5 3 8
6 3 1
7 3 9
15 3 9
16 3 9
17 3 1
18 3 9
19 3 4
20 3 2
26 3 3
28 3 1
32 3 5
33 3 1
34 3 8
36 3 5
37 3 1
2 4 7
4 4 5
6 4 2
7 4 9
14 4 6
16 4 9
19 4 9
23 4 1
26 4 7
27 4 4
29 4 7
31 4 5
32 4 4
33 4 5
37 4 3
2 5 2
3 5 3
4 5 5
6 5 9
7 5 4
10 5 9
14 5 2
15 5 3
16 5 3
19 5 5
20 5 3
22 5 1
24 5 9
25 5 4
28 5 5
29 5 2
30 5 2
31 5 2
32 5 8
33 5 6
36 5 1
0 6 6
1 6 2
3 6 5
7 6 6
8 6 6
9 6 7
11 6 6
12 6 4
13 6 9
15 6 1
16 6 2
17 6 8
18 6 8
19 6 4
20 6 8
24 6 2
25 6 2
27 6 5
28 6 2
31 6 1
32 6 6
37 6 4
2 7 5
4 7 2
7 7 9
8 7 2
9 7 3
10 7 8
12 7 8
13 7 6
18 7 3
20 7 6
21 7 8
22 7 1
24 7 1
27 7 5
28 7 7
29 7 7
30 7 1
32 7 8
33 7 3
34 7 6
0 8 1
1 8 2
2 8 6
3 8 8
6 8 2
7 8 6
10 8 2
13 8 4
15 8 8
19 8 7
20 8 8
24 8 7
25 8 6
26 8 8
28 8 5
29 8 8
36 8 6
0 9 5
1 9 7
2 9 3
5 9 1
8 9 9
10 9 8
12 9 4
15 9 3
16 9 2
18 9 6
19 9 5
21 9 3
22 9 8
24 9 9
25 9 2
26 9 7
27 9 6
28 9 3
32 9 3
33 9 6
34 9 1
2 10 3
4 10 5
5 10 4
6 10 1
7 10 2
8 10 6
10 10 7
13 10 8
15 10 9
16 10 2
17 10 8
18 10 5
22 10 9
24 10 3
25 10 6
28 10 5
30 10 3
31 10 3
32 10 3
33 10 3
35 10 2
1 11 1
3 11 6
8 11 5
9 11 1
10 11 3
12 11 4
13 11 7
14 11 5
15 11 3
17 11 5
19 11 4
21 11 7
22 11 1
24 11 8
26 11 6
29 11 8
30 11 8
32 11 3
34 11 8
36 11 9
37 11 8
0 12 4
2 12 4
6 12 1
7 12 2
8 12 1
13 12 1
14 12 7
15 12 4
18 12 4
20 12 7
22 12 8
24 12 6
28 12 3
31 12 3
4 13 7
10 13 6
11 13 4
14 13 2
17 13 8
20 13 5
21 13 3
22 13 6
23 13 1
25 13 7
26 13 1
30 13 7
32 13 4
33 13 1
35 13 5
37 13 1
1 14 1
3 14 8
4 14 1
8 14 7
9 14 2
10 14 5
12 14 5
16 14 1
17 14 6
18 14 7
19 14 3
20 14 4
21 14 4
28 14 8
30 14 4
37 14 6
0 15 5
7 15 6
8 15 1
9 15 2
11 15 4
12 15 8
13 15 5
14 15 7
17 15 9
23 15 2
24 15 8
26 15 1
29 15 8
30 15 8
37 15 3
0 16 9
3 16 3
7 16 8
9 16 1
10 16 6
14 16 4
15 16 1
18 16 9
19 16 4
21 16 5
23 16 3
25 16 6
27 16 1
29 16 7
33 16 5
35 16 9
0 17 8
1 17 5
2 17 4
3 17 3
5 17 8
6 17 2
9 17 1
10 17 8
11 17 1
13 17 2
16 17 3
18 17 4
19 17 5
20 17 7
21 17 3
22 17 3
25 17 9
26 17 3
27 17 2
31 17 1
33 17 4
34 17 2
35 17 3
36 17 8
3 18 5
4 18 1
5 18 6
9 18 8
11 18 8
13 18 1
15 18 7
17 18 9
19 18 8
20 18 1
23 18 7
25 18 7
26 18 5
27 18 2
28 18 6
33 18 7
4 19 5
6 19 9
9 19 5
10 19 2
12 19 4
14 19 1
18 19 9
19 19 6
20 19 6
21 19 1
22 19 2
25 19 9
28 19 9
30 19 6
32 19 2
35 19 2
37 19 5
0 20 2
1 20 1
2 20 8
3 20 7
6 20 8
9 20 2
10 20 2
11 20 9
14 20 9
16 20 8
17 20 7
25 20 6
26 20 5
30 20 6
31 20 8
32 20 4
33 20 9
35 20 6
0 21 9
7 21 8
8 21 1
10 21 9
11 21 7
15 21 7
16 21 3
17 21 9
20 21 3
21 21 4
22 21 8
23 21 8
24 21 9
27 21 4
32 21 5
34 21 1
36 21 2
37 21 1
0 22 6
1 22 5
3 22 5
9 22 2
10 22 7
16 22 6
17 22 6
24 22 6
27 22 5
30 22 6
31 22 5
33 22 7
34 22 5
37 22 9
0 23 8
1 23 8
6 23 6
8 23 4
9 23 3
11 23 5
12 23 6
13 23 1
14 23 8
15 23 2
17 23 9
21 23 8
23 23 5
27 23 2
30 23 2
34 23 8
36 23 2
2 24 9
3 24 6
4 24 1
5 24 4
6 24 7
7 24 1
8 24 6
10 24 9
12 24 5
13 24 9
16 24 9
18 24 6
19 24 6
26 24 8
27 24 1
28 24 4
29 24 7
30 24 5
31 24 1
36 24 6
1 25 8
2 25 2
3 25 9
4 25 1
6 25 5
7 25 3
9 25 2
11 25 6
13 25 3
16 25 2
18 25 9
19 25 6
20 25 9
21 25 2
23 25 3
24 25 3
26 25 5
27 25 6
28 25 8
29 25 2
32 25 7
35 25 8
36 25 6
0 26 9
1 26 1
5 26 2
6 26 1
10 26 4
11 26 1
15 26 2
18 26 1
19 26 1
20 26 3
21 26 7
22 26 3
23 26 6
25 26 7
27 26 6
28 26 1
30 26 9
31 26 1
32 26 6
35 26 1
0 27 8
1 27 1
2 27 7
6 27 9
9 27 1
10 27 4
11 27 3
12 27 5
13 27 6
14 27 2
15 27 6
18 27 4
20 27 5
22 27 9
23 27 5
24 27 1
26 27 7
32 27 2
33 27 9
35 27 7
36 27 1
37 27 1

554
0 0 2
1 0 7
3 0 4
4 0 7
5 0 8
9 0 5
10 0 8
13 0 4
14 0 4
15 0 6
16 0 8
18 0 1
21 0 4
24 0 1
29 0 3
30 0 2
31 0 6
32 0 1
34 0 8
0 1 5
3 1 8
4 1 9
5 1 6
6 1 8
11 1 8
13 1 2
20 1 1
21 1 7
22 1 4
23 1 8
24 1 4
26 1 7
27 1 2
30 1 9
31 1 8
33 1 3
35 1 4
36 1 4
0 2 3
1 2 7
2 2 5
5 2 1
6 2 6
8 2 5
10 2 5
16 2 5
17 2 3
18 2 7
19 2 7
21 2 6
23 2 3
24 2 4
25 2 5
26 2 3
30 2 6
31 2 1
33 2 1
34 2 5
35 2 8
36 2 1
0 3 1
1 3 3
2 3 1
3 3 1
4 3 8
7 3 4
9 3 1
10 3 4
12 3 4
13 3 3
15 3 9
16 3 8
18 3 6
19 3 2
22 3 2
23 3 4
24 3 6
26 3 2
28 3 1
32 3 6
37 3 2
0 4 1
7 4 4
8 4 8
11 4 8
12 4 8
15 4 6
16 4 6
17 4 5
20 4 7
21 4 6
22 4 8
26 4 7
29 4 6
30 4 1
35 4 8
36 4 4
0 5 5
3 5 6
4 5 5
5 5 1
7 5 4
10 5 7
16 5 7
17 5 7
18 5 8
19 5 5
21 5 1
22 5 5
27 5 1
29 5 4
31 5 4
32 5 8
35 5 3
37 5 3
0 6 2
2 6 4
3 6 4
5 6 1
6 6 2
7 6 2
8 6 5
9 6 9
10 6 8
11 6 6
13 6 4
14 6 1
16 6 8
17 6 6
21 6 8
22 6 8
25 6 7
26 6 9
27 6 5
28 6 6
30 6 1
34 6 3
37 6 9
1 7 8
2 7 9
3 7 4
6 7 5
7 7 3
10 7 6
11 7 4
12 7 8
13 7 4
17 7 6
21 7 7
23 7 7
24 7 2
25 7 6
26 7 8
27 7 2
28 7 4
29 7 5
32 7 5
35 7 1
3 8 2
4 8 2
5 8 4
6 8 5
9 8 2
10 8 5
13 8 6
14 8 7
17 8 4
18 8 1
23 8 8
25 8 2
26 8 3
34 8 1
35 8 8
37 8 5
1 9 4
2 9 6
3 9 9
4 9 7
6 9 3
9 9 1
10 9 7
11 9 8
12 9 6
13 9 2
15 9 7
17 9 8
21 9 7
22 9 8
23 9 4
24 9 6
25 9 6
29 9 9
31 9 5
32 9 6
34 9 7
35 9 9
36 9 7
0 10 8
2 10 2
3 10 1
6 10 4
9 10 3
12 10 2
13 10 4
14 10 9
17 10 8
18 10 7
19 10 7
22 10 2
23 10 3
24 10 8
25 10 8
26 10 5
27 10 8
29 10 8
32 10 6
34 10 6
35 10 2
36 10 3
0 11 3
1 11 4
5 11 6
8 11 6
9 11 6
10 11 6
13 11 2
14 11 7
15 11 6
17 11 2
20 11 8
22 11 5
24 11 9
27 11 2
31 11 9
32 11 8
33 11 6
2 12 8
3 12 5
4 12 2
7 12 1
8 12 7
10 12 1
15 12 2
17 12 3
18 12 1
19 12 8
25 12 1
30 12 3
31 12 8
32 12 2
33 12 3
34 12 3
35 12 5
36 12 9
0 13 9
2 13 2
3 13 8
5 13 5
7 13 1
12 13 6
13 13 2
17 13 4
20 13 4
31 13 6
34 13 2
36 13 5
0 14 5
2 14 7
3 14 4
4 14 4
5 14 8
6 14 2
8 14 4
9 14 3
10 14 6
11 14 5
13 14 1
14 14 8
15 14 7
16 14 9
24 14 7
25 14 3
26 14 4
27 14 5
28 14 2
32 14 2
36 14 6
4 15 7
6 15 7
8 15 2
11 15 9
13 15 4
14 15 2
15 15 5
16 15 3
17 15 5
18 15 8
19 15 4
20 15 2
22 15 8
26 15 4
28 15 5
29 15 5
30 15 9
31 15 4
32 15 8
33 15 4
37 15 1
0 16 3
1 16 6
2 16 6
6 16 4
9 16 6
12 16 3
17 16 7
20 16 4
21 16 7
22 16 6
23 16 4
24 16 8
27 16 4
28 16 9
30 16 3
33 16 6
35 16 5
0 17 8
5 17 3
6 17 6
7 17 4
8 17 4
9 17 4
11 17 8
13 17 8
14 17 6
21 17 5
23 17 9
24 17 5
26 17 7
28 17 1
30 17 7
31 17 2
32 17 7
34 17 5
35 17 8
36 17 7
37 17 7
4 18 6
5 18 6
6 18 8
8 18 1
10 18 6
12 18 8
14 18 9
15 18 1
16 18 9
18 18 6
19 18 5
21 18 2
22 18 2
23 18 4
24 18 4
25 18 3
27 18 6
29 18 7
32 18 4
34 18 3
35 18 2
0 19 2
1 19 4
3 19 3
4 19 9
5 19 9
6 19 2
7 19 8
8 19 2
11 19 1
12 19 3
14 19 5
20 19 4
21 19 9
23 19 9
24 19 4
26 19 9
27 19 9
31 19 8
33 19 7
34 19 4
35 19 3
0 20 3
4 20 3
6 20 3
7 20 8
8 20 3
10 20 7
12 20 5
15 20 7
16 20 9
20 20 3
23 20 9
25 20 9
27 20 6
28 20 9
29 20 3
30 20 7
32 20 8
33 20 2
36 20 5
1 21 7
3 21 1
5 21 7
6 21 4
7 21 1
8 21 4
10 21 6
11 21 7
14 21 7
17 21 3
18 21 9
19 21 6
22 21 1
23 21 5
24 21 3
27 21 2
28 21 1
32 21 3
33 21 4
36 21 4
3 22 2
5 22 4
6 22 6
8 22 7
12 22 8
13 22 8
14 22 5
16 22 1
18 22 5
20 22 6
22 22 9
23 22 7
25 22 6
27 22 7
28 22 5
29 22 8
30 22 8
31 22 2
32 22 5
33 22 3
34 22 2
36 22 3
37 22 4
2 23 5
3 23 8
4 23 9
6 23 7
7 23 2
8 23 6
10 23 9
11 23 3
12 23 1
13 23 7
14 23 6
17 23 4
20 23 1
22 23 2
25 23 1
27 23 7
28 23 1
30 23 2
32 23 1
33 23 3
35 23 9
1 24 1
2 24 2
3 24 8
4 24 9
6 24 9
7 24 4
12 24 6
13 24 6
14 24 8
17 24 1
21 24 9
22 24 5
23 24 5
24 24 7
26 24 6
28 24 2
30 24 7
33 24 6
34 24 2
35 24 4
36 24 9
0 25 1
2 25 9
4 25 1
5 25 2
7 25 2
10 25 8
13 25 1
14 25 2
16 25 1
17 25 4
18 25 8
20 25 9
22 25 5
23 25 2
24 25 1
26 25 4
27 25 4
28 25 1
31 25 1
33 25 2
36 25 2
37 25 3
0 26 2
1 26 2
6 26 9
8 26 3
11 26 9
12 26 4
13 26 3
14 26 1
15 26 7
17 26 3
18 26 4
19 26 6
21 26 6
24 26 7
29 26 8
32 26 7
33 26 2
35 26 3
36 26 9
3 27 6
4 27 7
5 27 6
7 27 5
8 27 4
10 27 5
11 27 1
12 27 4
13 27 4
16 27 8
17 27 1
21 27 3
22 27 5
23 27 8
24 27 3
25 27 3
26 27 7
32 27 2
34 27 2
35 27 5
37 27 5
