0000000100000001000000000000000000000000000000000000000000000100000000000000001000001000000000000000
0000100000000010000000000000001000001000000001000000000000000000000000010000000000000000000000000000
0000000000000000000000000000100001010000000000000000000100000000000000000000000000000001000000000000
0000100001000000000000000100000000000000000010000100000000100000000000000000000000000000000000000000
0000000100000000000000000000000000001000000010000000000000000000000000000000000010000000000000000000
0000000100000000000000000000010000000000000000000000010000000000000000000000010000000000000010000100
0000100000000000000000000001000000000000000000000000000000000000000100000000000000000001000000001000
0000000000100000100000000000000000000000000100000000000000000000000000000001000000000000000000000000
0000000000000000000000000000000000110010000000001000000000000000000000000000000000100010000000000000
0000000000000000000000000011000000000000000000000000000000000000000000100000000000000000000000000101
0000000000000000000100000000000000000000000000000000000000001000010000000000010000000101000000000000
0000000000000000100000000000000000000100000000000100000000000000000000010000000001000000000000000000
0010000000100000000000000000000000001000000000000000000000000100000100000000000000000000000000000000
1000000000000000000000000000000001000000001010000000000000000000011000000000000000000000000000000000
0000000000000000000100000000000000000000010010000000000000000000000000000000001000000000000000010000
0000000000000001101000000010000000000000000000100000000000000000010000000000000000010000000000000000
0010000000000000000000000000000000000000000000001000000000000000000000010000000000000000000000000000
0111000000000000000000000000000000000000100000000100000000000000000001000000000000000001000000000000
0000000010000100000000001000000000001000000000000000000010000000000000000000000000000000000000000000
0000000000101010000000000000000000000100000000000000100000000000000000000000001000000000000000000000
0000000000010000000000000000000000000000000000000000000000000000000100000000000000001000000000010100
0000000000000000000000000000000100000000000000000000000000000000100000000000000000000000000100001000
0000000000000000000000001000000000000000000000000000000100000000001000000000000000000000000100000100
0000000000000000000000000000000010000000000000000001000001000010000000000000000000000000000000000000
0000000000000000110000010000000000000000000000011000000000000000000000000000000000000000000000000000
0001000000010000000000001000000000000000000000001000000000000000000000000000010001010000100000000000
0000000000000000000000000000000000000000000010000000000000000000000000000011000101101000000000000000
0000000000000000000000000000000000010000100000000000000000000000000000000000000000000000010000010000
0001000000000000000000100001000000000000000000000000000000000000100000000000000000000000000010000000
0000000000000000000000000000111000000000000000000000000000000000010000000000000000100000010000000000
0000100000100100000000000000000000000000001000010000000000000000000000000010000000000000000000000000
1000000001000000000000000000000000001000000000000000000000000001000000000000000000000000000000000000
0000000000000000000000000000000000000001000000000000000100000001000000000000000001000100000000000000
0000001100000000000000000001000100010000000000000000000000000000000000000000000000000000001000000000
0000000000000000000000100000000000000000000000101001001000000000000000000000000000000000000000010000
0000000000000000000000000000000000000000001000000000000100010000000100000000000000010000000000000000
0000001000000000000000000000000000000000000000000000001010000000000000000100100000100000000000000000
0000000000000100000000000000000000000000000000000000000000000000010010000000100000000000100010000000
0001000000000000000000000000000000000000000000010000000000000000000000000000000010000100000000001000
0000001001010010000010000000000000000010000000000000000000000000000000000000000000000000000100000000
0000000000000000001000000000000000000000000000000000000000000000000000000000000010000000000010000000
0000000010000000010000000000000000000000000000000010000001000000000000100100000000000000000000001000
0000000001000000000000000000010010000000000000000000000000010000000000000000000000000001100000000000
1000000000000000010000100000000000000100000000000000000000100010000000000000000000000100000000000000
0000000000010000000000000000000000000000000000010000000000000001100001000000000000000000000001000000
0000000000100000000001000000000000000000010000000000000000010001000000000000000000000000000000000100
0000000000001100000000000000000100000000000000100000000000000000000000000000000000000000010000000000
0000001000100000000000000010000000000001000000000000000000001000000000000000000000001000000000000000
0000010100000000000000000000000000100000000000000100000010010000000000000000000000000000000000000000
0000000000000000010010001000000000000000000000100000000000000000000000000000000000001000000000000000
0000000000000000000000000000000000000000000000000000000010000000000000100000000000000011000100000000
0000000000000000000010000100000000000100000000000000000000000100000000000000110000000000000000000000
0000000000000010001000000000000000000000000000000000000000000010000100000000000000000000100000000000
1000100000000000000000000000000010000000000000100000000000000000000000000000000000000000000000000000
0000000000000001000000000000000000000000000001000000000000010000000000000000000010000000000000000010
0000000000000000100000000000000000000000000000000000100000000000000000100000100010001000000000000000
0000100000000000000000110000000000000010000000000000000101000000000000000000000000000000000000000000
0000000000000000000000000000000000000000000000000010000000001000000100000000000000000000000000000000
0000000000000000001100000000000000000000000001000100001000000000000010000000000000000000000000000000
0000000000000000000000000000000000000000000000000000000001000000100000000000000000000010000000000010
0000010000001000000000000000010000000000000000000010000100000000000000000000000000000000000000000010
0000000000000000000011000000000000000000100100000000000000000000000000000000000000100000000000000000
0010000000000000000000000000100000000010000000000000000000100000000000000000000000000000000000010010
1000000000000000000000000000000000000000010001000000000000000000100000000000000000000000000000000000
0000000000000100000000000000000000000100100000000000000000000000001000001000000010010000000000100000
0000000000001000000000000000000000000010000001000000000010000000000000000000000000000000000000000000
0010000000000000000000000010000000000000000000000000000001000000000000001000000000000000010000000000
0000000000001000000000000000000000000000000100000000000000000000000000000100000010000000000000000000
0000000000100000000000000000000000000000000000000000000000100000010000001000000000000000000000001000
0000000000000000000000000000000000000100000000000000000001010000000000000000000000000000000000000000
0000000000000000000000010000000000000000000000100000000000000010000000000000001000100000000000000000
0000000010000010000100000000000000000000000100000000000000000000000001000000100000000000000000000000
1000000000000000000000000100000000000000000100000000001000000000000000000000000000010000000000000000
0000000000000000000000000000010000000000000000100000000000000000000001010001000000000010000000000000
0000000000000000000000000000000000000000000000000000000000000001000000000000000100010000010100000010
0000000000000000000010000000000011000000000000000000000010000000000000000000000000000100000000110000
0000000000000000000000000000000000000000010000000000000000000000001000000000000001000010000010000000
0000000000000000000000000100001000000000000000000000000000000000000000000110000000000100000000000000
0000000000010000000000000000000000000000100000000000000000000000010000100000000000000000000000000010
0000000000000000000000000000000100000000000000000000000010100001000010000000000000000000000000000000
0000000000000100000000000000100000000000000000000100000000000000000000000001000000000000000000000100
0000000000000000000000000000001000000000000000010000000000110100000000000001000000000000000000000000
0000000000000000000000010000000000000000000000000000000000001000000000000000000000000000100001100110
0000000000000000000001000000000000000000001001000000000000000000000000000000001100000001000001000000
0010000000000001000001000000000000000100000010000000000000000000000000000000000000000010000000001000
0100000000000000000000000000000100000000000000000000000000010000010000000000000000001010000000000000
0000000000000000000000000000000000000001000000001000000000000000001000000000000000000000010000000001
0000010000000000000000000000000000001000000000000000011000000000000000000000001000000010000000000000
0000000000000000000100000001000000000000000000000000100000100000000000000000000000000000000000000000
0000000000000010000000000000000000000000010000001100000000000000000000001000000000000100001000000000
0100010000000000000000000000000000000001010000000000100000000010000000000000000000000000000000000000
0001000000001000000000000010000010000000000000000000000000000000000000010000000000100000000000000000
0000000000000100000000100010000000000000000011000000000000000100000000000100000000000000001000000000
0100001000000000000000100000000000000000000000000000000000000000000000000000000001000000000000000000
0000100000000000010100000000000001000001000000000000010000000000000000000000000110000000000000000000
0000000001000000000000000000010000000000000000000000000000000100000000000010000000000000000001000001
0000000000000010000000000000000000000000000000000000000011000000001000000000000100000000000000000000
0100000100000000000000000000000000000000000001000000000000000000000000000000000000000000000000000000
1000000000000000000000000000000100000000000000000000000000000000000000001001100000000000000000000000
0000000000000000100001000000000000001000000000000011000000000000000010000000000000000000001000000000