0000000000
0000000000
0000000000
0000000000
0000000000
0000000000
0000000000
0000000000
0000000000
0000000000

0000000000
0000000000
0000000000
0000000000
0000000000
0000000000
0000000000
0000000000
0000000000
0000000000

0000000000
0000000000
0000000000
0000000000
0000000000
0000000000
0000000000
0000000000
0000000000
0000000000

0000000000
0000000000
0000000000
0000000000
0000000000
0000000000
0000000000
0000000000
0000000000
0000000000

0000000000
0000000000
0000000000
0000000000
0000000000
0000000000
0000000000
0000000000
0000000000
0000000000

0000000000
0000000000
0000000000
0000000000
0000000000
0000000000
0000000000
0000000000
0000000000
0000000000

0000000000
0000000000
0000000000
0000000000
0000000000
0000000000
0000000000
0000000000
0000000000
0000000000

0000000000
0000000000
0000000000
0000000000
0000000000
0000000000
0000000000
0000000000
0000000000
0000000000

0000000000
0000000000
0000000000
0000000000
0000000000
0000000000
0000000000
0000000000
0000000000
0000000000

0000000000
0000000000
0000000000
0000000000
0000000000
0000000000
0000000000
0000000000
0000000000
0000000000

0000000000
0000000000
0000000000
0000000000
0000000000
0000000000
0000000000
0000000000
0000000000
0000000000

0000000000
11P11P1100
0100000000
0B00000000
0000000000
0010000000
0000000000
0000000000
0000000000
0000000000

0000000000
0000010000
0000000000
0000000000
0000000000
0010000000
0000000000
0000000000
0000000000
0000000000

0000000000
0000010000
0000000000
0000000000
0000010000
00A0000000
0000000000
0000000000
0000000000
0000000000

0000000000
0000010000
00O1111110
0010010010
00100G0010
0010010010
0000010010
00000000H0
0000000010
0000000000

0000000000
00H0000000
0000000000
0000000000
0000000000
0010000000
0000000000
0000000000
0000000000
0000000000

0000000000
00100N0000
0000000000
0000000000
0000000000
0010000000
0000000000
0000000000
0000000000
0000000000

0000000000
0010010000
0010000000
0010000000
00R0000000
0010000000
0000000000
0000000000
0000000000
0000000000

0000000000
0000000000
0000000000
0000000000
0000000000
0000000000
0000000000
0000000000
0000000000
0000000000

0000000000
0000000000
0000000000
0000000000
0000000000
0000000000
0000000000
0000000000
0000000000
0000000000

0000000000
0000000000
0000000000
0000000000
0000000000
0000000000
0000000000
0000000000
0000000000
0000000000

0000000000
0010000000
0000000000
0100000000
0000000000
0000000000
0000000000
0000000000
0000000000
0000000000

0000000000
0000000000
0000000000
0000000000
0000000000
0000000000
0000000000
0000000000
0000000000
0000000000

0000000000
0000000000
0000000000
0000000000
0000000000
0000000000
0000010000
0000000000
0000000000
0000000000

0000000000
0000000000
0000000010
0010000000
0000000000
0000000000
0000000000
0000000000
0000000010
0000000000

0000000000
0000000000
0000000000
0000000000
0000000000
0000000000
0000000000
0000000000
0000000000
0000000000

0000000000
0000000000
0000000000
0000000000
0000000000
0000000000
0000000000
0000000000
0000000000
0000000000

0000000000
0010000000
0000000000
0000000000
0000000000
0000000000
0000000000
0000000000
0000000000
0000000000

0000000000
0000000000
0000000000
0000000000
0000000000
0000000000
0000000000
0000000000
0000000000
0000000000

0000000000
0000000000
0000000000
0000000000
0000000000
0000000000
0000000000
0000000000
0000000000
0000000000

0000000000
0000000000
0000000000
0000000000
0000000000
0000000000
0000000000
0000000000
0000000000
0000000000

0000000000
0010000000
0000000000
0X00000000
0000000000
0000000000
0000000000
0000000000
0000000000
0000000000

0000000000
0010000000
0000000000
0000000000
0000000000
0000000000
0000000000
0000000000
0000000000
0000000000

0000000000
0010000000
0000000000
0000000000
0000000000
0000000000
0000000000
0000000000
0000000000
0000000000

0000000000
00A0000000
00000000D0
0010000000
0000000000
0000000000
0000000000
0000000000
0000000010
0000000000

0000000000
0010000000
0000000000
0000000000
0000000000
0000000000
0000000000
0000000000
0000000000
0000000000

0000000000
0010000000
0000000000
0000000000
0000000000
0000000000
0000000000
0000000000
0000000000
0000000000

0000000000
0010000000
0000000000
0000000000
0000000000
0000000000
0000000000
0000000000
0000000000
0000000000

0000000000
0000000000
0000000000
0000000000
0000000000
0000000000
0000001000
0000000000
0000000000
0000000000

0000000000
0000000000
0000000000
0000000000
0000000000
0000000000
0000000000
0000000000
0000000000
0000000000

0000000000
0000000000
0000000000
0000000000
0000000000
0000000000
0000000000
0000000000
0000000000
0000000000

0000000000
0000000000
0000000000
0100000000
0000000000
0000000000
0000000000
0000000000
0000000000
0000000000

0000000000
0000000000
0000000000
0100000000
0000000000
0000000000
0000000000
0000000000
0000000000
0000000000

0000000000
0000000000
0000000000
0010000000
0000000000
0000000000
0000000000
0000000000
0000000000
0000000000

0000000000
0010000010
00000000K0
00L00000O0
0000000000
0000000000
0000000000
0000000000
00000000Y0
0000000000

0000000000
0000000000
0000000000
0000000000
0000000000
0000000000
0000000000
0000000000
0000000000
0000000000

0000000000
0000000000
0000000000
0000000000
0000000000
0000000000
0000000000
0000000000
0000000000
0000000000

0000000000
0010000000
0000000000
0000000000
0000000000
0000000000
0000000000
0000000000
0000000000
0000000000

0000000000
0010000000
0000000000
0000000000
0000000000
0000000000
0000001000
0000000000
0000000000
0000000000

0000000000
0000000000
0000000000
0000000000
0000000000
0000000000
0000000000
0000000000
0000000000
0000000000

0000000000
0000000000
0000000000
0000000000
0000000000
0000000000
0000000000
0000000000
0000000000
0000000000

0000000000
0000000000
0000000000
0000000000
0000000000
0000000000
0000000000
0000000000
0000000000
0000000000

0000000000
0000000000
0000000000
0000000000
0000000000
0000000000
0000000000
0000000000
0000000000
0000000000

0000000000
0000000000
0000000000
0000000000
0000000000
0000000000
0000000000
0000000000
0000000000
0000000000

0000000000
0010000000
0000000010
0000000000
0000000000
0000000000
0000000000
0000000000
0000000010
0000000000

0000000000
0000000000
0000000000
0000000000
0000000000
0000000000
0000000000
0000000000
0000000000
0000000000

0000000000
0000000000
0000000000
0000000000
0000000000
0000000000
0000000000
0000000000
0000000000
0000000000

0000000000
0000000000
0000000000
0000000000
0000000000
0000000000
0000000000
0000000000
0000000000
0000000000

0000000000
0000000000
0000000000
0000000000
0010000000
0010000000
0011111110
0000000000
0000000000
0000000000

0000000000
0000000000
0000000000
0000000000
0000000000
0000000000
0000000000
0000000000
0000000000
0000000000

0000000000
0000000000
0000000000
0000000000
0000000000
0000000000
0000000000
0000000000
0000000000
0000000000

0000000000
0000000000
0000000000
0000000000
0000000000
0000000000
0000000000
0000000000
0000000000
0000000000

0000000000
0000000000
0000000000
0000000000
0000000000
0000000000
0000000000
0000000000
0000000000
0000000000

0000000000
0000000000
0000000000
0000000000
0000000000
0000000000
0000000000
0000000000
0000000000
0000000000

0000000000
00O1000000
0000000000
0000000000
0000000000
0000000000
0000000000
0000000000
0000000010
0000000000

0000000000
0000000000
0000000000
0000000000
0000000000
0000000000
0000000000
0000000000
0000000010
0000000000

0000000000
0000000000
0000000000
0000000000
0000000000
0000000000
0000000000
0000000000
0000000010
0000000000

0000000000
0000000000
0000000000
0000000000
0000000000
0000000000
0000000000
0000000000
0000000010
0000000000

0000000000
0000000000
0000000000
0000000000
0000000000
0000000000
0000001110
0000000010
0000000010
0000000000

0000000000
0000000000
0000000000
0000000000
0000000000
0000000000
0000001000
0000000000
0000000000
0000000000

0000000000
0000000000
0000000000
0000000000
0000000000
0000000000
0000000000
0000000000
0000000000
0000000000

0000000000
0000000000
0000000000
0000000000
0000000000
0000000000
0000000000
0000000000
0000000000
0000000000

0000000000
0000000000
0000000000
0000000000
0000000000
0000000000
0000000000
0000000000
0000000000
0000000000

0000000000
0000000000
0000000000
0000000000
0000000000
0000000000
0000000000
0000000000
0000000000
0000000000

0000000000
0000000000
0000000000
0000000000
0000000000
0000000000
0000000000
0000000000
0000000000
0000000000

0000000000
0000000000
0000000000
0000000000
0000000000
0000000000
0000000000
0000000000
0000000000
0000000000

0000000000
0000000000
0000000000
0000000000
0000000000
0000000000
0000000000
0000000000
0000000000
0000000000

0000000000
0000000000
0000000000
0000000000
0000000000
0000000000
0000000000
0000000000
0000000000
0000000000

0000000000
0000000000
0000000000
0000000000
0000000000
0000000000
0000000000
0000000000
0000000000
0000000000

0000000000
0000000000
0000000000
0000000000
0000000000
0000000000
0000000000
0000000000
0000000000
0000000000

0000000000
0000000000
0000000000
0000000000
0000000000
0000000000
0000000000
0000000000
0000000000
0000000000

0000000000
0000000000
0000000000
0000000000
0000000000
0000000000
0000000000
0000000000
0000000000
0000000000

0000000000
0000000000
0000000000
0000000000
0000000000
0000000000
0000000000
0000000000
0000000000
0000000000

0000000000
0000000000
0000000000
0000000000
0000000000
0000000000
0000000000
0000000000
0000000000
0000000000

0000000000
0000000000
0000000000
0000000000
0000000000
0000000000
0000000000
0000000000
0000000000
0000000000

0000000000
0000000000
0000000000
0000000000
0000000000
0000000000
0000000000
0000000000
0000000000
0000000000

0000000000
0000000000
0000000000
0000000000
0000000000
0000000000
0000000000
0000000000
0000000000
0000000000

0000000000
0000000000
0000000000
0000000000
0000000000
0000000000
0000000000
0000000000
0000000000
0000000000

0000000000
0000000000
0000000000
0000000000
0000000000
0000000000
0000000000
0000000000
0000000000
0000000000

0000000000
0000000000
0000000000
0000000000
0000000000
0000000000
0000000000
0000000000
0000000000
0000000000

0000000000
0000000000
0000000000
0000000000
0000000000
0000000000
0000000000
0000000000
0000000000
0000000000

0000000000
0000000000
0000000000
0000000000
0000000000
0000000000
0000000000
0000000000
0000000000
0000000000

0000000000
0000000000
0000000000
0000000000
0000000000
0000000000
0000000000
0000000000
0000000000
0000000000

0000000000
0000000000
0000000000
0000000000
0000000000
0000000000
0000000000
0000000000
0000000000
0000000000

0000000000
0000000000
0000000000
0000000000
0000000000
0000000000
0000000000
0000000000
0000000000
0000000000

0000000000
0000000000
0000000000
0000000000
0000000000
0000000000
0000000000
0000000000
0000000000
0000000000

0000000000
0000000000
0000000000
0000000000
0000000000
0000000000
0000000000
0000000000
0000000000
0000000000

0000000000
0000000000
0000000000
0000000000
0000000000
0000000000
0000000000
0000000000
0000000000
0000000000

0000000000
0000000000
0000000000
0000000000
0000000000
0000000000
0000000000
0000000000
0000000000
0000000000

0000000000
0000000000
0000000000
0000000000
0000000000
0000000000
0000000000
0000000000
0000000000
0000000000

