1232 772 2
974 756 14
200 708 1
587 732 10
716 740 18
-961 636 9
329 716 10
-689 -164 1
-629 -468 8
-929 1052 16
-809 444 3
-659 -316 4
-869 748 13
-914 976 15
-984 1094 1
-819 1897 5
-1209 -1 1
-834 1824 11
-954 1240 3
187 -214 19
-1033 -1294 9
126 -268 6
369 -1104 13
483 -1192 6
-1113 40 20
593 -481 18
1363 -1471 11
-117 1197 13
79 1023 13
-607 1632 7
-313 1371 15
667 501 5
801 864 9
726 -726 19
796 758 6
791 652 3
-660 26 10
-15 -1219 1
71 -1385 11
243 -1717 9
-273 -721 1
737 -1093 5
993 -1373 10
225 -533 16
97 -393 15
1441 -1863 7
-415 167 11
609 -953 14
1377 -1793 1
1569 -2003 16
-47 -202 17
-1464 -748 9
-156 -244 16
-374 -328 11
584 -898 17
-1249 740 2
161 -520 1
-121 -268 2
-826 362 16
-685 236 7
-1943 -617 4
58 -1675 15
-1856 -663 3
-1769 -709 7
-2204 -479 6
-638 -1307 14
-29 -1629 9
-986 -1123 8
-560 407 11
-548 533 14
-863 -11 18
-1229 10 14
196 -1608 12
-233 -1299 20
-1663 -269 11
-948 -784 15
482 -1814 5
-519 -1093 5
280 64 4
-792 208 7
12 100 5
146 82 10
1352 -80 2
682 10 16
-658 -960 20
294 -128 19
175 -232 19
-301 -648 1
-1253 -1480 4
651 184 20
-286 227 6
-14 311 14
802 563 8
697 -1162 13
-763 -512 20
259 -967 16
-1347 -252 16
-909 -447 17
-1055 -382 20
113 -902 19
843 -1227 18
1439 155 8
1414 193 15
689 1295 10
239 1979 6
89 2207 2
1464 117 6
314 1865 5
-451 -48 12
-43 -624 13
705 -1680 2
431 290 5
-1175 466 13
-591 402 16
358 298 20
-445 386 11
-299 370 4
1015 226 13
-1102 458 12
650 266 4
-616 -1251 5
-430 -1437 14
-523 -1344 20
-151 -1716 2
-1825 -42 7
-895 -972 20
-2011 144 3
1018 -39 8
728 1411 14
902 541 18
757 1266 3
699 1556 19
786 1121 4
619 -488 10
886 -155 12
975 -44 11
531 -2047 16
-1286 69 20
-338 -1035 15
-101 -1311 19
304 1773 6
1756 -9 11
260 1827 14
744 1233 10
-457 191 6
-1120 256 7
818 66 15
-865 231 9
46 -910 15
-899 -784 19
-629 -820 20
-2249 -604 4
-2114 -622 19
-359 -856 20
-882 -1039 6
978 -599 17
-930 -194 1
946 1878 18
879 1804 6
544 1434 6
8 842 2
678 1582 18
-354 -312 13
-864 -582 17
-1476 -906 17
-1884 -1122 6
-966 -636 19
-252 -258 8
-1578 -960 13
-179 1177 11
-803 1471 6
-930 379 16
-1065 704 2
-957 444 2
1029 1394 12
781 458 9
936 1043 4
905 926 20
874 809 15
967 1160 11
998 1277 14
1122 1745 2
719 224 12
689 178 15
694 75 11
634 1311 17
644 1105 1
714 -337 12
684 281 14
679 384 20
639 1208 3
315 -311 19
672 -536 11
1148 -836 15
553 -461 10
196 -236 4
77 -161 19
-1958 448 11
204 126 10
-2005 455 15
251 119 16
157 133 1
-1206 336 8
-1159 329 9
-172 182 7
-1018 308 17
110 140 3
-658 488 15
-755 360 19
-1337 -408 19
-1143 -152 15
-1046 -24 16
-76 1256 4
-852 232 19
215 1640 1
267 -1890 15
-21 -738 13
75 -1122 17
-245 158 8
-117 -354 16
235 -1762 15
43 -994 16
203 -1634 18
136 -417 5
-1979 -297 13
-992 -353 5
-1556 -321 12
-5 -409 3
-710 -369 8
-287 -393 19
-146 -401 5
-428 -385 8
-70 -1452 11
630 -272 16
1050 436 7
1260 790 12
420 -626 16
0 -1334 11
700 -154 20
168 -553 15
-735 -1057 7
-1767 -1633 18
-1337 -1393 10
-310 110 15
-464 334 19
-156 -114 2
-849 894 19
-926 1006 7
-1003 1118 3
-1281 396 16
28 1926 5
393 -196 16
399 -646 20
379 854 12
383 554 2
375 1154 9
397 -496 4
401 -796 10
381 704 9
377 89 20
803 575 12
945 737 6
-262 -640 20
-759 -1207 5
306 8 11
-688 -1126 2
93 -235 17
-142 -793 16
-192 -724 17
-942 311 7
-992 380 4
-1120 924 8
-968 1004 1
-702 1144 10
1743 -579 20
1353 -504 6
313 -304 14
1483 -529 9
-337 -179 13
-870 178 1
-1000 378 5
27 -1202 6
-675 -122 14
-311 -682 3
-571 -282 5
-545 -322 13
-1570 -239 4
-55 -1724 6
-1772 -41 4
248 -2021 2
-358 -1427 18
-1368 -437 18
-661 -1130 20
-1065 -734 13
-156 -1625 20
1162 -46 19
874 101 3
682 199 5
2122 -536 1
1354 -144 17
490 297 19
106 493 12
202 444 6
157 -474 8
-251 -477 12
1653 -463 18
1109 -467 14
21 -475 10
1789 -462 6
973 -468 15
429 -472 10
-1079 1130 1
-734 1112 1
-274 1088 18
-619 1106 1
71 1070 18
416 1052 19
876 1028 19
-970 -392 17
410 -608 4
-510 -464 1
-280 -500 1
180 -572 10
-740 -428 20
-1085 -374 14
-395 -482 7
-127 -450 9
-435 134 1
136 -289 16
-296 -181 13
-392 -157 16
1225 -769 11
518 -867 18
159 -351 19
-237 315 6
-369 537 7
-215 278 10
489 -906 16
-1965 475 5
-1815 430 14
-715 1055 1
-2090 -562 19
-965 761 11
-90 1790 5
-1590 26 8
-340 1496 2
-1965 -415 3
-1840 -268 18
-215 1643 10
38 -729 4
-1096 108 5
248 -884 6
-4 -698 3
-592 -264 1
206 -853 2
-1306 263 8
332 -946 17
-510 128 8
-1008 560 17
-842 416 14
-676 272 7
-759 344 14
-1174 704 17
1931 -1812 13
689 -616 11
176 -122 4
392 -330 16
905 -824 6
-470 1460 2
700 290 3
1040 307 1
1092 479 16
936 -37 3
1144 651 3
780 -553 5
-80 -80 3
-782 244 5
154 -188 20
531 -362 10
-665 190 15
-236 -8 8
-106 -68 10
-691 202 11
-1497 574 12
522 -634 6
326 -2020 8
340 -1921 6
536 -535 11
480 -931 20
-56 -604 6
-722 -1072 12
-352 -812 16
-1536 -1644 12
-648 -1020 15
-1314 -1488 9
388 -292 20
314 -344 18
-1462 -1592 19
-500 -916 15
-635 1208 4
-59 816 6
949 130 17
13 767 5
805 228 18
-851 1355 13
517 424 1
-563 -31 19
-651 -779 20
-531 241 16
-599 -337 4
-787 -1935 11
-623 -541 11
-691 -1119 17
-579 -167 5
-609 -422 1
-629 -592 12
-707 -1255 15
-7 -823 20
-1119 -1447 10
-424 -1057 19
-980 -1369 7
271 -667 14
-1032 271 4
-72 -1745 17
-492 -863 19
-432 -989 17
-972 145 13
-792 -233 7
-1152 523 20
-192 -1493 14
-552 -737 19
-347 688 2
108 218 10
381 -64 14
17 312 8
836 -534 19
-234 -524 18
-52 463 14
78 1168 2
26 886 17
-124 733 17
515 -599 2
586 -747 3
657 -895 17
89 289 18
-408 1325 10
444 -451 16
-53 585 5
-576 252 15
-540 -540 4
-357 995 9
-559 901 12
148 1230 7
653 1465 11
-1165 619 3
249 1277 13
-1569 431 6
-862 760 8
451 1371 15
-1266 572 10
-572 -1475 8
-80 -1891 19
-2048 -227 15
-1310 -851 6
-1064 -1059 20
-326 -1683 3
-449 -1579 1
-1556 -643 19
-52 -227 3
-156 261 1
26 -593 7
52 -715 10
312 -1935 20
933 568 17
873 352 9
1233 1648 14
-994 -765 13
-338 -1181 10
-2060 -89 4
-420 -1129 6
-10 -1389 18
-502 -1077 3
-748 -921 6
-1142 -581 17
-305 1000 12
-980 -275 16
-89 1408 14
19 1612 1
-667 851 2
-1345 923 17
576 719 5
87 1232 13
822 482 5
234 1082 3
-648 1982 1
-207 1532 10
-158 1482 4
1018 282 4
-599 1932 15
1165 132 5
848 -360 18
584 -448 13
188 -580 9
-372 -485 12
58 -580 7
574 -694 1
-560 -222 1
784 -990 20
-1344 226 19
0 -542 5
-1008 34 5
-672 -158 11
-336 -350 13
-1295 903 2
-833 889 11
-503 879 10
-1097 897 19
-1625 913 2
-965 893 18
-1362 -846 12
-1260 -936 15
-274 -1806 1
-614 -1506 8
-784 -1356 11
-1158 -1026 2
-342 -1746 10
-818 -1326 19
-2076 -216 1
-1054 -104 8
738 -1832 2
-830 -320 10
178 -1292 13
402 -1508 17
290 -1400 10
-46 -1076 8
-367 577 6
-1027 622 16
-1043 623 15
-665 567 13
-557 551 20
-1637 711 18
-908 603 6
-1610 707 5
-1124 635 11
-17 471 20
1376 1339 5
256 -1001 8
1320 1222 16
984 520 19
480 -533 3
872 286 16
760 52 18
-867 400 3
-692 -350 15
-622 -650 7
-832 250 7
-552 -950 10
-482 -1250 19
-972 850 10
696 -1524 17
633 -813 1
745 -2077 12
584 -260 5
661 -1129 4
591 -339 18
647 -971 9
598 -418 20
654 -1050 1
683 136 20
-912 950 15
1452 -1566 17
682 -432 17
132 378 16
352 54 5
1342 -1404 11
-33 621 17
22 540 14
719 -1140 10
397 -703 11
439 -760 16
789 -1235 10
481 -817 1
187 -418 19
-261 190 4
-121 0 20
-65 -76 8
663 -1064 7
859 -1330 16
119 646 15
-1593 -90 7
-951 186 11
-416 416 19
-1004 226 15
118 -437 16
316 -554 10
-14 -359 5
-212 -242 17
250 -515 12
-1598 577 3
448 -632 9
-1070 265 3
-1532 538 15
-1269 -261 13
171 -773 18
-1539 -165 14
261 -805 3
-9 -709 18
653 522 7
1601 2082 12
811 782 5
890 912 9
574 392 5
969 1042 1
179 -258 3
416 132 18
337 2 17
903 -405 17
282 72 5
1662 -988 16
627 -193 7
75 231 5
-546 708 11
-63 337 7
-270 496 15
1041 -511 1
-143 -480 10
-173 -722 18
-38 367 13
-218 -1085 12
52 1093 11
1449 498 1
558 444 18
-432 384 1
1152 480 13
1746 516 20
-549 -1127 1
-261 -1256 12
-1797 -568 18
123 -1428 1
-1221 -826 1
-1701 -611 1
-1605 -654 2
-1893 -525 17
410 521 2
-526 937 13
1814 -103 8
59 677 1
-409 885 2
1112 209 17
1580 1 15
110 867 20
820 292 10
-316 1212 20
-742 1557 19
-174 1097 15
678 407 16
394 637 12
252 752 18
-75 -437 15
-77 -149 20
-91 1867 7
-80 283 13
-89 1579 6
-83 715 13
-86 1147 1
-78 -5 5
-88 1435 11
-82 571 19
1130 -236 15
1014 -414 1
1246 -58 15
86 -1838 17
45 972 17
-883 1252 4
-999 1287 7
-791 935 5
-76 275 9
-11 215 9
436 -272 14
-572 892 19
16 213 11
688 -563 3
-488 795 2
-152 407 4
-656 989 14
-320 601 13
-343 144 17
-421 8 18
-733 -536 18
-889 -808 15
-1357 -1624 18
-655 -400 9
651 -539 2
-924 -464 12
126 -514 5
966 -554 10
300 545 14
713 1312 8
160 285 5
27 38 4
-1428 -1136 14
1032 104 16
-629 287 15
-4 282 2
35 -119 6
-17 -221 19
295 391 11
312 -624 12
-303 -579 13
-1332 -380 14
-287 1729 14
-1442 -602 12
-507 1285 6
-1497 -713 6
-1277 -269 1
-1057 175 2
-1251 -752 18
18 141 5
180 255 9
-1521 -942 11
-630 -315 11
-360 -125 16
-414 -163 17
-306 -87 9
-1683 -1056 1
405 403 17
804 286 19
-659 715 6
-1324 910 18
272 442 5
-260 598 8
-792 754 19
6 520 12
1925 -1583 11
629 -683 19
449 1043 1
-181 503 11
1205 1691 4
827 1367 1
-433 287 17
-559 179 2
575 1151 19
-695 1402 8
-755 1672 19
-335 -218 8
-455 322 1
-305 -353 12
-485 457 17
1022 842 10
455 653 1
2075 1193 9
1508 1004 4
1184 896 14
271 104 4
646 -1756 3
546 -1260 6
596 -1508 3
721 -2128 7
621 -1632 7
321 -144 12
471 -888 10
-1243 -959 5
-623 -969 1
245 -983 8
-3 -979 7
-1367 -957 15
369 -985 12
-375 -973 16
-1615 -953 16
-1107 1491 20
843 -624 1
-67 363 3
-977 1350 10
323 -60 17
63 222 8
-506 -1003 14
-83 -436 3
-1305 -2074 14
-882 -1507 6
-36 -373 14
-318 -751 6
45 -960 1
-1455 -1380 10
-105 -1002 4
420 -855 12
-255 -1044 1
-855 -1212 3
-480 -1107 3
-930 -1233 2
-288 364 4
320 -1213 19
-698 -1096 19
-473 -1420 16
-1598 200 5
-1523 92 10
-323 -1636 11
-1073 -556 2
398 -1706 10
-162 -754 4
-442 -278 5
-722 198 20
-479 -71 3
-637 -323 9
-1585 -1835 10
-1032 -953 12
-1664 -1961 17
-1743 -2087 4
-84 -424 17
-7 451 8
114 1826 2
70 1326 19
92 1576 19
81 1451 8
-51 -49 5
-62 -174 15
502 -394 6
574 74 5
358 -1330 19
304 -1681 8
376 -1213 11
-810 -517 2
-1064 -571 14
-1445 -652 16
-1191 -598 5
-937 -544 14
206 -301 13
333 -274 13
-1826 -733 7
-1183 -1239 18
-208 503 11
69 113 1
-3 1058 10
-75 2003 4
-59 1793 2
61 218 6
-718 1054 1
-878 254 20
-978 -246 7
-858 354 9
-558 1854 14
-578 1754 17
-898 154 19
-818 554 9
-938 -46 10
-798 654 18
-518 2054 5
201 108 6
175 -32 1
448 1438 1
149 -172 17
331 808 9
123 -312 10
344 878 15
30 848 18
-807 1784 8
216 640 17
774 16 6
1037 -533 10
1233 -799 18
57 797 12
636 -743 10
136 -113 12
486 -554 10
986 -1184 13
1336 -1625 6
936 -1121 19
1086 -1310 16
686 -806 4
836 -995 1
98 -691 17
-182 -763 17
658 -547 10
798 -511 2
-322 -799 11
938 -475 1
880 123 20
1360 -357 13
400 603 17
1638 -1012 16
1378 -928 5
1898 -1096 12
1118 -844 11
2028 -1138 1
988 -802 14
108 786 14
-361 -152 2
-93 384 2
-227 116 7
-959 -1232 3
-770 109 16
-938 -1083 4
-1043 -1828 17
-896 -785 14
-812 -189 3
-749 258 6
-520 -332 17
55 -608 13
480 -812 15
880 -1004 10
-495 -344 10
-595 -296 7
830 -980 5
255 -704 20
-570 -308 1
1012 410 11
835 176 8
658 -58 1
127 -760 6
422 -370 1
245 -604 1
717 20 11
363 -448 5
1248 722 18
214 1260 15
592 1710 9
-920 -90 11
340 1410 8
-38 960 9
-416 510 3
-394 -851 9
338 -365 8
-516 -932 15
-272 -770 12
1924 688 5
94 -527 13
-654 828 15
-246 712 8
-1470 1060 4
-42 654 6
468 509 9
-1266 1002 17
-552 799 10
-348 741 17
366 538 6
712 -958 12
316 -1138 13
-520 -1518 9
700 1455 2
-924 867 20
-1388 699 6
866 393 18
-16 921 12
-751 1361 13
278 745 1
-1045 1537 5
-163 1009 10
-604 1273 1
-310 1097 17
583 1435 5
743 763 15
598 1372 16
45 -801 4
-87 -267 11
243 -1602 12
1 -623 5
-175 89 7
397 -2225 17
23 -712 19
89 -979 5
375 -2136 9
421 99 17
376 156 4
961 -585 12
-379 146 20
-1545 -85 20
-273 167 8
-1651 -106 13
472 607 4
1040 -361 1
259 970 2
188 1091 17
614 365 9
1324 -845 11
1395 -966 14
1253 -724 13
-130 571 14
-43 432 9
1001 -1236 12
827 -958 5
435 330 9
927 816 16
845 735 7
-795 -885 17
-1205 -1290 3
763 654 13
-713 -804 5
-68 936 3
260 820 19
752 646 9
-478 1081 16
-396 1052 1
-642 1139 13
588 704 19
-838 -563 7
-1750 501 18
-598 -843 13
-742 -675 7
-1822 585 10
-1774 529 4
-376 -698 17
-110 -1720 14
-642 324 17
-680 470 12
-224 -1282 16
-528 -114 16
-37 -719 6
-807 -572 16
-280 1123 13
-1816 -509 19
1097 -230 20
1565 -971 6
1349 -629 9
989 -59 11
1745 -1256 9
809 226 5
341 967 12
845 169 19
1385 -686 5
-739 -449 1
-1971 717 12
-1411 187 11
-870 -219 18
92 1354 16
610 2201 14
-796 -98 17
-130 991 8
388 1838 11
-463 -1326 4
1357 620 8
-333 -1187 6
1227 481 6
-593 -1465 7
-203 -1048 17
447 -353 4
57 -770 20
-927 -592 9
-1296 -469 17
-312 -797 20
-1665 -346 7
303 -1002 16
-1419 -428 13
-189 -838 4
-1113 -468 11
-1065 1452 8
-1085 652 18
-1109 -308 3
-1083 732 18
-1099 92 1
-1067 1372 15
-1105 -148 3
-1075 1052 17
-477 -891 8
-2085 -51 13
-1817 -191 18
-1415 -401 10
-627 1399 8
-1317 655 19
-167 1895 10
-1202 779 10
-282 1771 17
-1547 407 10
-857 1151 12
-972 1027 17
-2122 -213 6
-2007 -89 14
-1041 -207 19
-1043 -278 4
-1027 290 8
-1055 -704 16
-151 -2104 17
937 -328 6
801 -550 4
393 -1216 15
325 -1327 6
597 -883 3
189 -1549 15
53 -1771 13
733 -661 13
-228 336 1
-253 464 16
-528 1872 16
-453 1488 4
-428 1360 17
-553 2000 15
-578 2128 9
-178 80 13
-303 720 6
52 -1249 15
112 -259 12
176 797 12
120 -127 10
184 929 3
108 -325 19
64 -1051 6
180 863 12
-566 -24 8
590 1404 3
726 1572 6
-630 961 4
-213 1207 14
-908 797 11
-2020 141 12
-74 1289 12
-113 -1039 3
-229 -853 4
-345 -667 13
-1041 449 18
293 -1690 11
-983 356 16
-489 1095 1
-205 1073 13
221 1040 6
-1483 1172 7
728 -513 16
1240 -237 2
600 -582 3
-168 -996 7
-615 -833 6
-999 -467 14
-743 -711 13
-359 -1077 18
-2023 509 13
-1639 143 8
-253 617 9
-136 974 13
-604 -454 8
-214 736 13
20 1450 20
-370 260 11
-448 22 8
59 1569 12
-97 1093 16
-526 -216 10
124 -1202 8
304 -152 16
400 408 10
148 -1062 10
130 -1167 1
190 -817 14
250 -467 13
466 793 17
-938 1213 3
1187 -612 12
422 45 17
-88 483 17
-343 702 16
-428 775 1
-683 994 12
1017 -466 5
337 118 12
847 -320 8
-1408 -1699 16
-1230 -1479 18
-162 -159 2
-340 -379 10
1431 -115 2
99 -247 9
2 1811 19
597 315 8
737 -37 18
1097 -1559 12
668 -1256 17
811 -1357 13
382 -1054 2
-333 -549 16
525 -1155 9
96 -852 11
-22 1303 17
-784 1021 12
2126 59 13
578 227 15
449 241 9
2255 45 13
320 255 17
1352 143 5
707 213 1
1667 -1738 15
227 302 5
1739 -1840 11
1091 -922 19
659 -310 4
-1494 1162 7
-144 -26 1
-294 106 18
-444 238 10
606 -686 12
-894 634 10
-1044 766 6
456 -554 2
-430 -1619 12
-565 -1385 16
-280 89 20
72 -399 10
248 -643 5
952 -1619 2
424 -887 20
-1 131 4
-619 -283 15
-104 62 20
1029 821 11
617 545 4
-207 -7 18
1544 1166 10
926 752 10
1441 1097 19
1331 -773 16
1861 -1373 16
483 187 11
271 427 12
589 67 8
-153 907 6
1649 -1133 4
-148 -425 9
146 -199 9
1175 592 15
293 -86 13
-442 -651 20
-295 -538 5
440 27 19
-1 -312 4
-1177 -1216 3
734 253 7
-1635 -1451 13
-1689 -1548 10
-609 392 2
-1365 -966 13
654 -875 20
1228 -1631 13
1023 -1361 17
964 -838 9
-516 -1388 18
6 -257 20
1392 -1346 9
132 -356 19
-498 139 3
258 -455 4
510 -653 5
384 -554 6
-795 -39 18
-95 -239 7
-1985 301 7
-1635 201 11
-1145 61 19
-305 -179 12
-1495 161 18
-25 -259 18
-802 525 10
-469 267 2
-25 -77 18
-1246 869 2
45 301 11
-1099 1029 11
-1242 1120 3
-241 483 10
188 210 18
-651 584 17
-1011 848 9
-1491 1200 18
-1551 1244 2
-560 -30 19
-434 -465 14
-350 -755 13
-644 260 2
-308 -900 13
-182 -1335 2
-1343 464 20
-1499 416 1
-2201 200 11
-1226 500 14
-2123 224 9
-2162 212 5
-368 764 11
-836 620 11
-446 740 16
-758 644 20
-2084 236 12
985 978 5
1681 1638 17
-1233 -161 11
-753 514 17
111 1729 4
-273 1189 7
-1265 -206 5
47 1639 2
-1361 -341 4
-625 694 1
206 201 7
340 103 17
608 -93 11
474 5 20
-1402 1377 9
737 -257 6
625 492 3
481 1455 4
433 1776 15
1694 498 14
662 -690 8
1178 -96 14
1436 201 14
1264 3 6
1092 -195 6
1952 795 7
-1833 390 1
-1223 0 10
-1406 117 13
-979 -156 1
-186 -663 1
-2016 507 11
1992 -294 15
942 966 16
842 1086 12
992 906 2
1492 306 12
1792 -54 3
1692 66 20
1357 -256 16
209 1536 13
45 1792 16
126 -245 6
1652 -497 14
-201 -191 12
1107 -407 4
889 -371 5
806 -1196 8
7 283 12
195 -65 18
524 -674 9
571 -761 18
947 -1457 17
430 -500 18
-40 370 12
-237 -142 7
-157 -742 16
-165 -682 3
27 -2122 3
-125 -982 12
557 1843 17
97 3 20
258 647 13
396 1199 5
626 2119 19
488 1567 16
385 -68 4
1057 1436 20
1183 1718 15
574 355 6
868 1013 8
343 -162 10
1099 1530 11
322 -209 20
637 496 3
-723 1129 13
212 959 4
-613 1109 15
487 909 5
-448 1079 16
-1273 1229 5
-1053 1189 2
804 227 12
-1100 -653 1
685 172 2
722 -1302 3
818 -1072 9
530 -1762 2
482 -1877 1
567 803 4
163 507 18
2082 1913 9
-370 126 19
-362 374 9
-432 -1796 6
-368 188 6
-398 -742 17
-841 1398 11
155 462 12
902 -240 10
-758 1320 15
-675 1242 1
1234 -552 16
321 306 13
-592 1164 12
1400 -708 20
-509 1086 13
-1072 -198 19
-1216 -694 14
-1396 -1314 5
-1144 -446 6
-856 546 9
-820 670 9
-1360 -1190 19
-1288 -942 2
-1036 -74 8
695 -1017 5
797 -723 20
899 -429 14
950 -282 14
287 -2193 17
593 -1311 11
-121 -1146 18
275 -978 15
1727 -362 5
1595 -418 18
-253 -1202 13
-709 -1380 17
-439 -597 1
-859 -1815 18
-589 -1032 8
-409 -510 11
-799 -1641 9
-358 1185 4
-190 583 20
50 -277 18
-22 -19 20
789 -277 15
1209 461 2
229 -1261 15
19 -1630 15
1069 215 4
509 -769 17
1400 115 20
-490 1945 4
1148 359 8
581 908 15
1022 481 14
896 603 19
1274 237 9
-919 321 7
181 1410 9
-519 717 9
-1119 123 6
-819 420 15
381 1608 1
703 1400 20
613 1178 5
988 2103 6
88 -117 18
748 1511 20
73 -154 16
928 1955 8
823 1696 2
718 1437 16
1429 100 11
1137 74 18
699 35 5
-469 -69 19
41 1355 5
15 1633 4
132 382 20
106 660 2
171 -35 7
150 -663 10
220 -722 9
-900 222 7
-1320 576 6
-130 -427 9
343 -952 17
735 196 3
371 -870 3
959 852 2
791 360 2
762 -278 3
366 -350 7
1554 -134 14
-30 -422 18
564 -314 3
1158 -206 15
1257 -188 5
960 -242 9
-74 476 4
-776 944 17
-506 764 6
-1802 1628 6
-1424 1376 14
-884 1016 14
142 332 18
-830 980 16
-1046 1124 4
-308 669 10
-402 493 2
-825 -299 2
-731 -123 1
-1060 -739 14
38 133 3
434 -395 16
731 -791 9
269 -175 6
-226 485 2
-622 1013 18
-61 265 18
5 177 10
929 -1055 14
-523 881 5
1272 -85 19
776 259 20
528 431 7
1024 87 18
-588 1205 9
330 -1345 6
402 -1489 12
303 -1291 19
-381 77 12
-75 -535 17
600 -1885 10
-246 762 12
-972 330 3
-415 -475 8
-457 -1343 2
-394 -41 2
-409 -351 15
-364 579 18
-433 -847 10
-391 21 12
-379 269 11
-403 -227 8
-1359 -25 7
-291 -373 4
-1270 -54 3
340 955 20
1276 211 12
1822 -223 13
-167 1358 6
67 1172 13
-128 1327 9
184 1079 12
496 831 3
1588 -37 6
-1482 1518 15
-22 928 12
124 869 20
285 -1142 16
701 -1818 1
765 -1922 7
157 -934 8
925 -2182 17
317 -1194 16
413 -1350 8
189 -986 18
29 -726 15
829 -2026 19
657 151 14
1129 -57 11
1011 -5 5
-169 515 12
1483 -213 18
-523 671 12
-641 723 13
-1604 1077 8
-1868 1365 14
-1208 645 15
-1164 597 17
-1340 789 3
-1472 933 17
-1692 1173 20
-1516 981 19
-1032 453 3
-349 84 10
443 -828 17
113 -448 1
-85 -220 12
575 -980 2
-921 870 1
278 1255 7
-594 975 1
-1248 765 12
-2011 520 10
-1030 835 14
-1139 800 6
387 1290 15
-1466 695 11
-948 -7 7
-1128 473 13
-1038 233 5
-231 -1069 13
-1443 -85 19
-1039 -413 20
274 -1479 9
-837 -577 7
965 1020 14
641 756 1
479 624 19
1208 1218 20
1451 1416 17
-331 -36 19
1370 1350 6
722 822 3
560 690 8
-165 -597 7
415 -149 14
-20 -485 19
1865 971 16
403 1259 18
243 1043 3
763 1745 1
-741 -840 19
-765 -675 19
-757 -730 12
-351 266 8
-785 945 6
-1281 1721 12
-289 169 11
-1219 1624 10
-475 460 20
-723 848 10
-847 1042 9
-909 1139 9
-971 1236 1
-350 845 15
55 -136 11
-125 300 14
-530 1281 4
-485 1172 11
-80 191 14
-35 82 9
-440 1063 16
-668 -686 2
-836 854 16
-740 -26 9
-848 964 20
-728 -136 17
-656 -796 9
-96 758 15
-1167 623 4
-1524 578 9
-572 698 1
-810 668 15
-334 728 4
-1881 533 5
-1643 563 9
-1048 638 8
-1762 548 7
312 -621 1
-364 575 14
780 -1449 19
-260 391 13
-312 483 6
520 -989 11
-156 207 2
260 -529 14
-398 -716 7
-710 -650 1
-1178 -551 17
954 -1002 6
538 -914 13
-1074 -573 15
278 -859 19
-242 -749 2
-658 -661 13
1108 -179 2
828 -103 8
968 -141 12
1808 -369 5
1248 -217 4
-610 218 15
446 1483 7
41 166 6
1166 859 10
166 243 6
-334 -65 16
-529 1870 7
-794 1125 6
-476 2019 4
-741 1274 13
-847 976 6
-900 827 6
-1006 529 10
81 -550 10
673 -1414 19
340 -928 9
414 -1036 20
377 -982 11
229 -766 7
-622 476 3
599 -1306 19
636 -1360 19
-1213 -1535 20
-1235 -1687 8
-949 289 2
-1103 -775 17
-198 -811 5
-961 -881 14
-634 -851 10
-1397 -921 17
373 14 1
1040 -630 5
1156 -742 12
1185 -770 14
344 42 1
1794 -1358 4
518 -126 12
562 -898 19
283 -898 13
-647 -898 2
934 -898 4
-275 -898 6
4 -898 13
469 -898 11
1227 920 13
1587 875 12
987 950 20
-573 1145 13
867 965 10
267 1040 14
1707 860 18
-333 1115 3
-693 1160 15
609 554 3
433 766 13
301 925 18
-579 1985 3
565 607 16
697 448 13
1137 -82 2
-315 1667 3
-785 -1903 20
951 99 7
-289 -1331 20
703 -187 17
-165 -1188 10
-413 -1474 13
827 -44 5
1075 242 8
207 -759 2
-1408 144 15
792 444 4
572 414 19
682 429 3
-88 324 8
-1188 174 14
2076 1951 9
2007 1899 7
1041 1171 7
627 859 6
-1391 -171 9
-1111 -277 11
-452 204 3
1316 374 6
-28 -34 6
237 -514 18
873 -1666 14
1110 559 9
651 -152 5
855 164 15
1161 638 17
39 -1100 15
-788 -1032 17
-1054 -1192 18
675 -152 17
941 8 8
-592 -290 3
-396 627 1
-536 -28 6
-480 234 5
-760 -1076 11
-508 103 1
-620 -421 6
38 939 9
1208 1731 2
623 1335 4
948 1555 9
1078 1643 10
-807 367 12
-874 -388 5
-631 -235 15
-1522 -796 16
-388 -82 19
-1846 -1000 20
-145 71 18
-1927 -1051 3
-2170 -1204 19
-1469 -687 10
93 -467 15
-475 -547 10
-333 -527 16
519 -407 5
-191 -507 1
212 923 3
800 1112 4
968 1166 10
1640 1382 15
-118 -773 2
389 -721 20
-1 -761 13
-430 -805 14
701 -689 15
-469 -809 8
350 -725 17
106 1017 2
-22 1557 15
266 342 5
-648 635 10
696 -1685 6
-480 345 10
-396 200 11
-564 490 20
528 -1395 13
444 -1250 16
24 -525 4
276 -960 3
-1245 32 5
-307 956 2
-1111 164 5
-575 692 20
-2183 -892 15
95 1352 12
-709 560 6
-1781 -496 7
-474 865 11
-1308 85 15
221 1515 15
-196 1125 6
-1586 -175 13
153 357 9
-133 605 8
867 1892 8
597 1454 1
-348 -79 6
1047 2184 8
-303 -6 15
192 797 20
12 505 4
456 646 12
736 -98 6
246 1204 18
176 1390 9
421 739 19
141 1483 19
106 1576 11
526 460 20
1522 -569 20
1058 -405 12
-566 169 5
594 -241 14
246 -118 1
-334 87 13
421 694 10
-922 -491 8
-1364 -881 17
11 -1028 9
-229 -932 13
-669 -756 4
-389 -1712 9
-49 -1342 18
-199 1086 19
-169 810 13
-89 74 13
-39 -386 1
-19 -570 11
-139 534 15
-800 937 14
-677 1027 17
-1046 757 16
-1292 577 9
-1538 397 5
430 1837 7
392 194 9
733 -81 6
454 144 12
1477 -681 14
1446 -656 3
1911 -1031 18
1353 -581 2
1508 -706 4
162 -576 4
762 -608 11
-1038 -512 2
462 -592 1
-1188 -504 6
526 839 7
415 527 4
600 1047 17
748 1463 10
156 -201 15
267 111 4
304 215 16
267 -1535 8
462 -1100 7
657 -665 7
332 -1390 9
397 -1245 3
917 -85 6
1051 -422 11
1375 -593 8
-173 224 15
331 -42 7
1015 -403 1
-353 319 20
-390 379 4
427 683 13
1015 -161 6
375 359 7
-425 1009 15
295 424 5
-345 944 15
855 -31 15
615 164 14
-185 814 7
1372 648 10
94 -9 20
1514 721 19
155 -81 5
365 -276 10
827 -705 8
1457 -1290 18
1709 -1524 15
449 -354 9
491 -393 14
1079 -939 16
239 -1331 17
1199 -931 19
-1 -1431 1
563 -1196 19
95 -1391 19
623 -1171 19
1583 -771 20
1655 -741 15
-576 97 14
-828 -85 20
-324 279 20
306 734 14
-229 69 1
-55 477 11
177 1021 5
-809 -1291 13
132 496 16
8 688 3
70 592 17
442 16 5
566 -176 3
-798 1936 16
-116 880 8
504 -80 7
-426 1360 18
380 112 14
318 208 14
-731 -624 20
-1130 -348 8
-598 -716 16
-864 -532 17
-1571 -884 16
481 1348 19
253 1100 19
-1229 -512 10
-1115 -388 10
-203 604 10
1158 -462 4
24 213 9
738 -212 18
-18 238 19
1494 -662 13
-160 428 18
1352 -1264 16
-1607 102 8
-149 -1194 17
-1364 -114 7
-716 -690 17
-230 -1122 4
-1040 -402 8
337 -1626 4
1030 979 1
666 55 15
822 451 17
1082 1111 14
614 -77 5
562 -209 7
1498 2167 8
-1428 -402 8
-1310 -527 15
-838 -1027 18
-1782 -27 10
-1664 -152 15
-1900 98 5
-119 218 16
-259 101 3
1281 1388 11
161 452 19
441 686 8
1421 1505 3
1001 1154 14
721 920 19
-142 -183 10
120 -341 13
-1845 844 16
-666 133 11
-273 -104 15
-11 -262 11
-243 739 4
717 51 14
-723 1083 20
357 309 17
-603 997 1
-3 567 16
597 137 2
957 -121 15
-843 1169 5
-141 -729 15
-904 -99 16
-1776 621 8
-1449 351 2
77 -909 10
-1667 531 10
-32 -819 9
-1122 81 14
-518 -106 8
202 776 2
-838 -498 15
42 580 16
442 1070 17
682 1364 15
-198 286 9
-1158 -890 4
-358 90 20
-918 -596 13
-1238 -988 18
365 -154 14
-1279 362 6
-1690 491 18
639 -240 4
502 -197 18
-183 18 20
-1553 448 14
-457 104 18
695 -3 1
809 315 14
467 -639 19
-57 -11 18
-302 -746 16
-400 -1040 17
-253 -599 17
187 -937 17
-133 311 19
-253 779 11
107 -625 18
47 -391 5
-153 389 11
-13 -157 2
127 -703 10
267 -1249 20
207 -1015 14
-847 -66 17
-427 147 2
-567 76 4
833 786 2
-147 289 19
133 431 9
553 644 3
706 185 12
1726 101 8
1046 157 13
-144 255 20
-59 248 15
366 213 15
1471 122 16
281 220 7
1386 129 12
-612 -392 8
-324 -100 9
-1044 -830 18
1118 78 6
852 589 1
1346 -360 6
434 1392 18
510 1246 15
358 1538 9
1232 -141 6
282 1684 4
79 587 3
-426 427 10
18 -1498 2
298 -768 4
-150 -1936 5
634 108 3
690 254 2
522 -184 16
448 -131 12
1529 -1764 13
1106 -1125 18
1670 -1977 12
401 -60 20
964 560 5
1345 917 8
75 -273 7
837 441 18
1599 1155 17
456 84 16
-381 194 1
769 434 4
-496 170 14
-1186 26 20
309 338 19
-726 122 17
539 386 19
1402 -210 11
314 147 17
378 126 7
1338 -189 19
-198 315 18
-518 420 7
-390 378 6
-262 336 14
-70 273 5
-762 670 13
1214 -630 5
226 20 20
-1066 870 6
74 120 5
1607 937 20
437 631 17
1217 835 8
-343 427 8
47 529 4
-213 461 5
1737 971 14
-443 318 15
152 304 7
1427 274 12
1172 280 10
-1425 -908 14
-897 -480 15
951 1018 17
-237 55 12
863 479 5
-12 -557 10
-512 -1149 8
-887 -1593 9
-762 -1445 8
30 -1529 4
1078 -497 10
816 -755 4
-101 -1658 14
1602 19 16
1417 1389 6
1189 1203 5
163 366 1
277 459 4
-179 87 7
505 645 7
1531 1482 16
295 -793 9
-1226 -1365 10
-47 -529 7
-1363 409 7
47 -596 2
-705 -60 7
-235 -395 6
-1739 677 1
-1038 688 15
72 -722 14
-705 265 3
-261 -299 5
-816 406 10
-483 -17 6
-594 124 5
1181 825 14
-304 660 17
-799 605 17
686 770 14
1046 810 20
-574 630 10
101 705 10
1361 845 18
-77 812 19
-357 858 13
-2177 1157 2
-497 881 3
-1337 1019 17
-67 -219 1
-587 -119 4
1558 664 11
1846 564 19
982 864 7
-314 1314 8
1270 764 17
-898 -581 5
989 -1062 17
836 -1023 19
-235 -750 16
-286 -737 11
887 -1036 4
1040 -1075 13
-541 -672 14
436 -367 5
900 -507 4
-840 18 11
320 -332 12
-144 -192 8
-149 -743 16
-443 209 14
61 -1423 12
-275 -335 9
229 -1967 20
-317 -199 13
-610 -488 8
578 673 1
-1270 -1133 6
182 286 7
-478 -359 13
-874 -746 1
-1138 -1004 12
751 -244 7
1027 101 6
407 -253 12
-453 -553 14
1224 32 1
-797 -673 20
63 -373 12
-281 -493 9
579 -193 12
1138 2 18
-109 -433 1
-304 831 9
718 1440 10
-596 657 1
332 1050 10
-868 258 1
-1318 -39 15
-1468 -138 7
-118 753 11
-1018 159 10
-418 555 14
-268 654 14
482 1149 8
223 1342 10
-95 1705 5
1071 374 16
965 495 12
1495 -110 4
647 858 4
117 1463 18
753 737 12
1283 132 3
474 -272 20
1554 700 7
1794 916 2
-126 -812 10
354 -380 7
1674 808 10
594 -164 17
1074 268 5
114 -596 3
1314 484 18
-2069 -1303 8
-569 -723 19
-719 -781 7
181 -433 10
-1019 -897 17
-2219 -1361 15
-1073 315 5
-359 406 12
-767 354 10
-869 341 2
-971 328 3
-1685 237 14
355 497 7
-1481 263 7
-1583 250 18
-53 445 3
1019 1173 16
1151 1209 19
-301 813 15
491 1029 3
755 1101 1
95 921 6
-37 885 18
359 993 4
-433 777 18
673 1044 15
955 1392 14
1237 1740 20
-455 -348 11
-267 -116 14
1096 1566 7
708 272 3
1198 -298 4
1884 -1096 9
1002 -70 8
610 386 6
218 842 9
-798 -321 5
-875 -461 2
-721 -181 8
-490 239 7
-413 379 7
898 -335 4
298 -1135 7
-158 -1743 7
736 -551 11
280 -1159 18
496 -871 1
-200 -1799 6
4 -1527 5
334 -1087 6
1119 1082 7
1351 1290 5
201 796 20
-225 1426 15
-722 2161 3
-154 1321 20
-367 1636 13
698 61 16
149 -748 14
130 -681 15
35 -346 17
-307 860 20
-117 190 16
-102 -293 12
-285 -743 9
203 457 9
20 7 17
447 1057 4
142 307 1
-11 1020 20
-781 679 8
305 758 16
287 811 11
557 16 12
665 -302 8
683 -355 14
395 493 15
845 -832 9
935 -1097 3
701 -408 19
-620 -923 15
-188 -1595 6
-656 -867 18
-440 -1203 16
-1412 309 11
-1484 421 2
-1088 -195 1
633 -734 20
372 472 18
314 740 3
662 -868 17
575 -466 17
401 338 13
459 70 15
169 1410 18
285 874 7
-45 -536 2
-630 99 20
-1917 1496 9
-1332 861 2
-1566 1115 13
-747 226 20
1047 36 6
910 43 14
2006 -13 19
-323 106 15
1732 1 12
1184 29 9
499 64 20
362 71 16
636 57 6
-641 -842 14
-469 -792 9
-2103 -1267 6
-1329 -1042 17
-1673 -1142 15
-727 -867 11
-1243 -1017 16
-985 -942 10
-1416 184 4
444 -221 8
72 -140 18
-1292 157 17
-176 -86 3
-1168 130 15
-52 -113 5
-920 76 18
305 1384 2
-1018 -155 6
-675 244 19
-822 73 8
599 1726 11
-528 415 17
708 800 14
-6 772 12
-108 768 7
-769 794 1
-1169 934 14
-289 626 18
-1809 1158 16
928 1425 13
1012 -213 10
1018 -330 8
946 1074 13
970 606 9
1006 -96 10
988 255 19
916 1659 4
994 138 19
934 1308 9
976 489 10
-691 1215 6
-548 1105 2
-1263 1655 1
24 665 13
-834 1325 15
167 555 20
596 225 9
595 -380 9
218 725 7
363 300 20
537 -210 12
305 470 3
189 810 7
-692 -661 4
-1496 803 5
-960 -173 18
-1161 193 3
-1362 559 4
-1295 437 2
-1630 1047 7
1992 18 4
1212 804 4
-218 2245 15
692 1328 3
302 1721 19
555 262 7
775 -578 2
797 -662 2
863 -914 8
357 1018 13
687 -242 15
885 -998 18
379 934 10
760 -525 20
-8 299 7
-392 711 13
-584 917 15
-680 1020 12
-1470 -787 12
-862 125 11
-990 -67 11
-1022 -115 3
-1632 -1328 7
-582 12 18
-1422 -1060 19
-1527 -1194 14
-477 146 11
-1002 -524 16
-372 280 14
48 816 13
-1737 -1462 8
220 -544 8
405 26 10
-39 -1342 15
368 -88 4
1716 -131 2
1646 -6 9
456 2119 20
1086 994 20
946 1244 7
526 1994 11
666 1744 20
-886 1333 18
-1010 1629 1
-1072 1777 6
-328 1 10
-700 889 19
-452 297 16
-762 1037 16
-948 1481 19
170 422 5
-502 278 4
506 494 6
590 512 3
254 440 17
-922 188 2
422 476 1
-1006 170 8
-980 -148 14
-1152 80 18
-120 -1288 19
-1238 194 19
-1420 -655 13
-1370 -583 1
-795 245 13
-1170 -295 3
-670 425 16
-1345 -547 16
-1020 -79 2
-1195 -331 18
-448 742 9
-772 1402 8
-178 192 15
-880 1622 4
-502 852 3
-664 1182 2
-124 82 1
-718 1292 3
-988 1842 20
-20 -1067 6
108 -1335 14
-660 273 8
-84 -933 7
236 -1603 19
-148 -799 12
44 -1201 6
-788 541 2
-525 -209 11
387 -49 8
-1323 -349 18
-1551 -389 10
273 -69 8
-69 -129 6
-741 784 5
-603 1234 4
-695 934 13
-511 1534 12
-649 1084 16
-925 184 3
-1017 -116 13
-419 1834 11
-1155 -566 17
790 -912 17
-626 -240 18
436 -744 11
-1216 40 17
-390 -352 9
492 410 13
636 1694 6
564 1052 3
408 -339 19
444 -18 15
-836 749 16
22 -239 8
418 -695 7
-770 673 7
-803 711 19
-1067 1015 10
253 -505 6
-77 -125 3
319 -581 18
517 -809 18
-1480 951 15
600 119 2
-570 587 12
210 275 5
470 171 20
-180 431 16
-960 743 7
340 223 2
-1220 847 18
430 247 20
610 27 19
160 577 12
-20 797 5
1150 -633 9
520 137 4
-966 -1032 11
-498 840 16
-894 -744 9
-39 340 2
-957 970 15
981 -360 6
-549 690 3
-753 830 10
1185 -500 16
267 130 13
-141 410 16
165 200 12
744 -543 6
1150 -977 4
-383 -576 13
-823 -876 10
-97 -381 17
-1010 734 9
-370 39 19
-1650 1429 3
-242 -100 20
398 -795 16
-754 456 19
-1522 1290 1
142 -517 14
-498 178 19
-45 -492 5
475 -960 10
675 -1140 20
-525 -60 14
-85 -456 3
835 -1284 10
-765 156 13
995 -1428 2
315 -816 6
235 -744 3
-186 -459 13
82 -527 10
1020 -765 8
350 -595 15
920 239 5
-160 -577 19
875 205 18
-790 -1053 7
-520 -849 18
924 -199 5
516 -334 11
1499 2306 18
1398 2197 9
-117 562 20
489 1216 18
85 780 8
792 1543 6
1095 1870 15
590 1325 12
388 1107 18
219 1480 17
358 1595 10
459 990 11
411 -114 14
491 1726 20
-1566 -1356 20
468 552 14
-1340 -1144 1
-775 -614 12
637 241 15
181 361 15
1207 91 3
-224 -1227 19
726 -537 13
821 -468 16
-509 -1434 4
1106 -261 15
156 -951 13
-984 -1779 3
28 -1017 18
-168 -809 9
1251 945 18
810 765 7
1111 1123 4
1223 1177 16
-233 475 18
327 745 4
-121 529 7
439 799 6
215 691 9
-1461 2096 9
501 8 9
-371 936 2
392 124 5
-916 1516 1
-1352 1980 5
-98 -220 2
-184 -109 12
762 -1330 16
-12 -331 14
332 -775 3
590 -1108 10
1450 -2218 1
-679 -337 17
-413 -2017 2
-451 -1777 15
-470 -1657 12
-736 23 8
-565 -1057 7
-603 -817 17
-715 1734 17
-1387 -198 14
-1483 -474 6
-763 1596 4
-619 2010 20
-1660 997 1
-560 480 16
-1860 1091 19
140 151 14
-1360 856 14
-1094 -882 2
-1186 -1098 8
-1462 -1746 6
-1577 -2016 1
-887 -396 7
-1002 -666 5
-1347 -1476 2
-1699 196 3
-1781 136 9
-1371 436 15
-469 1096 7
-551 1036 14
-1207 556 18
-1453 376 9
-387 1156 7
-1535 316 16
-59 1396 19
-1285 210 16
-1179 326 4
-702 848 9
-596 964 20
-1391 94 9
-1232 268 6
-2027 -602 10
-967 558 3
-1497 -22 9
542 -511 11
-802 -7 11
158 -367 5
787 -1182 17
-123 442 12
917 -1414 12
137 -22 11
332 -370 19
1047 -1646 4
1177 -1878 12
527 -718 13
748 391 13
550 -347 2
352 -1085 1
187 -1700 4
781 514 9
1032 -1607 5
918 -220 20
1115 -263 2
1274 175 9
1221 29 11
912 1167 3
1472 1337 13
576 1065 20
184 946 11
632 1082 16
-544 725 19
1416 1320 2
-152 844 16
1080 1218 5
506 1250 2
-774 10 15
634 1374 20
762 1498 9
-646 134 12
378 1126 4
182 -37 10
-278 -107 11
688 40 16
16 -87 5
-79 343 6
-288 1289 13
-345 1547 9
1425 -527 17
1199 -301 18
69 829 2
182 716 6
216 215 18
-1409 -1683 5
-409 -515 18
-1034 -1245 6
-534 -661 15
-909 -1099 4
-659 -807 6
-284 -369 16
-1159 -1391 12
1090 1574 18
-120 452 16
-450 146 6
1420 1880 18
650 1166 16
1640 2084 3
1200 1676 13
100 656 1
210 758 12
1530 1982 2
147 -468 15
1252 433 2
1057 274 16
-308 -839 20
342 -309 17
-503 -998 5
-1039 983 7
-991 689 14
-1103 1375 8
-895 101 1
-1135 1571 20
428 -143 3
220 -1423 15
493 257 5
207 -1503 6
402 -303 17
324 -783 4
337 -703 15
350 -623 8
933 360 3
-438 815 20
-644 863 17
-335 791 13
-1056 959 6
798 527 4
-850 911 3
-1468 1055 16
1364 -618 5
-91 1527 13
976 -46 10
879 97 19
200 1098 17
-88 1306 9
-574 580 18
-7 1427 20
-493 701 19
-412 822 1
283 -273 13
1123 -1941 19
73 144 6
135 1540 14
915 505 19
655 850 10
-21 1747 11
1019 367 9
447 1126 18
967 436 20
1331 -47 14
1279 22 20
811 643 19
-177 1954 13
12 -1277 1
-353 -667 3
-1449 -1099 20
-1579 -1099 4
-864 -1099 3
-799 -1099 18
-214 -1099 14
436 -1099 3
-994 -1099 9
-734 -1099 9
-239 -85 18
784 -1372 7
1156 -1840 12
691 -1255 19
-53 -319 18
877 -1489 7
40 -436 20
-63 -1222 12
-163 -1550 4
337 90 7
387 254 15
-180 539 2
-207 671 19
-189 583 18
-27 -209 4
-360 1419 12
-162 451 12
-288 1067 2
744 -117 19
684 20 13
864 -391 3
1164 -1076 15
624 157 4
384 705 18
324 842 7
924 -528 8
-1316 -523 9
-1187 -121 16
-714 1353 16
-1230 -255 1
-1101 147 16
-1144 13 7
-1012 -92 9
338 -506 5
1223 -817 19
1759 -729 8
-737 879 12
327 -113 18
1125 -857 6
-72 259 19
1841 730 5
1709 704 17
1181 600 11
1973 756 4
-271 314 9
-7 366 9
-69 -1219 11
355 -831 19
143 -1025 5
1097 -152 20
1309 42 12
-2132 293 2
-1295 -301 19
-86 -1159 13
-1016 -499 7
7 -1225 15
-1667 -37 16
-1388 -235 6
410 -544 2
-320 -149 8
-466 -70 7
-612 9 2
702 -702 6
-1196 325 3
-1822 -691 8
-482 -371 1
-1219 -547 15
-58 102 3
518 1062 6
-130 -18 14
806 1542 8
1094 2022 6
163 -12 13
-188 393 17
-266 483 6
241 -102 13
358 -237 18
1450 -1497 9
1372 -1407 17
-766 -687 9
-822 475 4
-790 -189 18
-778 -438 14
-786 -272 7
-806 143 7
-794 -106 15
-738 -1268 16
35 436 3
523 904 12
-697 -266 20
279 670 9
889 1255 16
2194 -1043 9
2136 -1013 4
1788 -833 9
1672 -773 6
1150 -503 2
860 -353 7
802 -323 14
222 -23 1
976 -413 1
-1295 -617 10
1081 1849 15
-1031 -343 5
-767 -69 2
25 753 17
289 1027 18
379 400 6
549 -50 8
175 940 7
-1109 -586 12
-811 -506 3
-364 -386 12
-215 -346 1
679 -106 4
-66 -306 20
977 -26 14
1163 296 20
-613 812 15
-761 855 17
1311 253 15
-465 769 3
-757 422 3
-724 520 10
-1160 339 18
-1504 623 10
-1590 694 20
44 -655 15
-306 -393 7
837 -564 10
964 -583 19
456 -507 4
329 -488 17
-1068 -279 15
-814 -317 4
-1322 -241 3
-941 -298 16
-433 -374 2
583 -526 16
-1552 -554 20
-364 283 17
-804 -27 12
-56 500 13
-1024 -182 20
-701 949 10
-591 199 11
-679 799 18
-437 -851 1
-613 349 8
-569 49 15
-635 499 10
-525 -251 1
-339 681 10
-324 655 9
561 -879 15
366 -541 14
-354 707 10
-399 785 11
-489 941 10
126 -125 8
-669 1253 1
81 -47 12
-91 -947 12
1197 -1453 4
1141 -1431 10
-632 68 13
176 388 8
277 428 12
-1137 -132 14
-782 -668 2
-470 148 12
-834 -804 13
-379 386 13
-1003 -1246 17
-444 216 15
-704 -464 6
-2070 -592 7
-1278 -88 8
-1190 -32 7
-1894 -480 20
-750 248 1
-1366 -144 6
-46 696 2
-657 397 6
-1898 1570 19
-146 -86 15
292 -500 17
-1022 742 20
-306 686 19
915 -326 16
-528 870 16
1248 -602 9
582 -50 20
-937 -596 15
-2089 -1588 18
-361 -100 12
-1081 -720 12
-2233 -1712 6
-793 -472 4
-73 148 19
71 272 15
-47 442 8
-37 -8 17
-75 1702 20
-69 1432 17
-77 1792 4
-59 982 9
-55 802 1
-71 1522 16
-43 262 4
-125 536 17
241 599 1
485 641 15
607 662 20
851 704 20
729 683 14
147 454 8
513 604 6
1367 954 14
25 404 11
-585 154 9
-707 104 2
-463 204 7
-829 54 11
-5 993 6
-1365 145 8
-345 781 2
-940 410 13
165 1099 7
80 1046 7
590 1364 18
-1280 198 9
-1450 92 1
-296 -2132 6
-404 -1418 20
-422 -1299 17
-602 -109 17
-566 -347 1
-494 -823 7
-440 -1180 4
-530 -585 12
-476 -942 20
-1386 -1050 10
-936 -665 1
-1206 -896 8
-36 105 12
-2016 -1589 4
1506 -147 5
444 2229 2
1403 -638 18
514 -862 11
-756 -1182 4
-248 -1054 11
1022 -734 19
1530 -606 13
133 -958 16
6 -990 13
-121 -1022 14
190 785 3
299 794 4
81 776 3
1607 902 20
626 821 1
1716 911 7
-1032 -110 14
-187 -175 14
8 -190 20
-772 -130 17
-1877 -45 9
-1097 -105 14
-2137 -25 2
-57 -185 11
-1227 -95 13
-1800 -844 20
-1038 -322 17
-1292 -496 3
-1927 -931 12
-276 200 2
-1419 -583 2
-1546 -670 17
-784 -148 1
-149 287 19
-1019 732 3
-1493 1380 9
663 1129 8
1447 -1143 7
1696 -147 13
-463 1502 4
-209 1308 9
1061 338 9
1315 144 5
45 1114 8
172 1017 16
299 920 1
887 28 15
1027 948 17
950 442 5
1020 902 12
824 -386 15
1041 1040 16
985 672 18
936 350 13
1055 1132 7
880 -18 20
-1774 -49 13
-644 401 17
-418 491 17
-1096 221 12
-1322 131 6
1352 -655 3
788 -63 9
83 677 2
647 85 5
712 377 20
82 267 8
838 399 20
460 333 10
334 311 8
1594 531 9
1468 509 10
-548 157 13
964 421 20
1090 443 13
-127 647 11
299 650 4
-1121 640 12
583 652 9
15 648 8
-1405 638 8
593 -191 10
-406 -947 18
-517 -1031 10
-1405 -1703 16
149 -527 10
815 -23 16
1655 1195 16
1742 1330 12
1568 1060 19
176 -1100 19
611 -425 18
571 -748 11
427 476 20
481 17 9
541 -493 16
547 -544 2
403 680 20
487 -34 2
367 986 8
349 1139 11
-1152 48 12
168 994 11
-792 306 15
48 908 14
-1272 -38 19
888 1510 2
-72 822 4
137 1681 19
16 1537 12
379 1969 19
-710 673 16
258 1825 13
-1559 1171 18
-1850 1444 1
-783 443 5
824 819 8
360 319 1
12 -56 8
-336 -431 8
244 194 14
-220 -306 9
1288 1319 4
777 1086 14
1435 449 2
1717 176 1
1341 540 19
-1356 46 9
-1484 -76 12
-908 473 14
244 1571 3
116 1449 9
-1548 -137 1
-390 -229 5
-540 -373 5
-1440 -1237 1
-2040 -1813 8
-240 -85 2
824 1269 12
-280 -99 19
-4 243 18
-372 -213 15
-510 -384 17
778 1212 2
1723 1410 20
1437 1091 13
-360 -457 18
135 -452 1
1125 -442 9
-1019 -1068 20
159 -384 6
-399 -708 19
-523 -780 17
593 -132 17
-151 -564 20
-237 1048 12
195 610 8
339 464 15
-669 1486 15
915 -120 12
771 26 1
-381 1194 4
74 -1082 1
-102 566 14
-124 772 17
8 -464 3
683 65 8
640 -10 3
38 -1060 4
1156 890 9
1285 1115 18
532 629 12
402 614 2
-1158 434 4
142 584 2
-1288 419 4
-309 -592 13
-125 -500 7
1163 144 3
-769 -822 1
1347 236 3
1071 98 4
197 -339 20
-447 -661 9
841 -17 20
483 18 18
-628 1195 14
180 339 14
-729 1302 19
1392 -945 14
584 -89 20
-527 1088 6
887 -410 8
-325 874 13
599 8 3
950 437 18
131 -564 6
482 -135 19
-217 384 19
-507 1824 1
-391 1248 4
368 -956 3
1748 -1086 8
2162 -1125 4
-46 -917 19
-184 -904 2
1886 -1099 2
920 -274 18
1015 -268 6
-37 -175 20
-447 -375 10
-611 -455 5
-201 -255 15
-1841 -1055 16
-775 -535 15
-1513 -895 1
-899 374 10
-3 773 16
-1539 89 18
-131 716 15
-1027 317 16
586 0 15
306 168 9
-494 648 9
-614 720 1
366 132 14
1006 -252 7
1186 -360 13
1146 -336 8
1804 1169 20
40 845 13
922 1007 9
1118 1043 14
-254 791 12
1314 1079 13
1412 1097 16
236 881 8
860 -1018 17
793 -989 4
-480 -438 17
-519 -805 3
-299 -1043 19
31 -1400 3
-1729 504 20
-189 -1162 14
-404 284 8
611 -1659 7
331 -1123 7
300 2015 8
364 1761 18
716 364 14
460 1380 18
556 999 18
748 237 3
396 1634 19
-282 -625 13
-485 47 12
-717 815 16
-311 -529 4
-427 -145 2
-659 623 6
-224 -817 2
-456 -49 6
-336 589 7
280 302 7
1688 -354 5
1776 -395 3
720 97 2
192 343 9
206 672 15
-412 -54 19
103 551 20
618 1156 9
-309 67 16
595 -554 3
-1085 -482 1
-665 -500 1
-385 -512 18
-1365 -470 19
-105 -524 11
-525 -506 6
455 -548 13
-945 -488 15
-359 -3 3
-767 1173 12
-1073 2055 17
-920 1614 17
-818 1320 12
1442 -270 6
167 1305 7
422 990 5
-258 1830 10
1527 -375 2
-322 -24 14
-259 452 10
-295 180 14
-241 588 13
-394 -568 11
554 -226 12
526 -452 2
456 -1017 11
582 0 18
512 -565 12
610 226 14
788 120 20
-64 -522 18
-490 -843 2
-348 -736 10
1717 -1504 18
981 -568 4
1809 -1621 7
61 602 3
613 -100 18
1349 -1036 9
337 251 1
1533 -1270 17
429 134 7
-579 389 3
1775 -139 10
-365 341 5
-258 317 4
-151 293 6
277 197 1
1668 -115 17
109 294 7
-439 254 3
1068 364 5
-713 234 19
-576 244 17
591 -238 9
1519 1618 14
1113 806 11
823 226 20
1403 1386 16
649 -122 16
707 -6 3
1461 1502 7
1635 1850 11
-213 -596 1
-1298 -1996 19
-244 -636 2
-306 -716 10
-771 -1316 8
-1422 -2156 14
128 -156 4
-1174 -1836 14
-1205 -1876 2
-1081 -1716 17
-202 68 13
-832 -625 15
-1882 -1780 6
629 548 1
-163 296 13
365 464 11
761 590 19
1421 800 14
-31 338 7
1157 716 8
105 -479 13
417 -77 20
157 -412 18
-415 -1149 15
-1026 -617 5
-1071 184 3
-1086 451 1
-885 681 3
-817 578 5
-953 784 20
-205 -349 17
-1050 1379 11
710 -117 20
-410 835 9
630 -49 14
-90 563 9
550 19 13
-10 495 3
1366 -938 11
156 712 4
926 -338 6
376 412 18
-184 -1145 18
816 -1625 14
-84 -1193 11
-684 -905 2
-784 -857 16
-1084 -713 6
-1584 -473 10
-1284 -617 20
-884 -809 5
617 -199 17
-307 560 7
-531 744 7
-699 882 20
1037 -275 1
-655 -1595 10
-232 -1265 13
755 -495 13
-373 -1375 12
-796 -1705 2
-937 -1815 2
50 -1045 16
825 -540 2
-945 1140 20
-709 916 15
1002 -708 15
-650 860 5
471 -204 20
-1004 1196 12
-591 804 6
884 -596 16
777 968 5
831 158 12
687 2318 19
795 698 9
714 1913 20
813 428 3
786 833 1
-1770 -1143 4
-1698 -1029 1
-402 1023 7
-1554 -801 19
-618 681 2
118 319 15
-1668 -1030 11
-446 -107 14
588 674 16
494 603 2
-542 1222 6
-2087 -368 12
-957 -423 16
-1468 123 9
-1322 -33 1
-154 -1281 5
-92 822 1
543 257 4
1305 -421 13
-346 1048 12
797 31 11
-600 1274 20
295 360 2
-1665 640 2
-489 472 13
-881 528 1
-1077 556 1
-1469 612 13
-1627 1499 19
-1423 1247 17
-131 -349 9
-811 491 20
-539 155 19
722 466 7
-139 746 7
230 626 6
845 426 12
-631 906 13
-508 866 4
-16 706 11
353 586 16
-909 1621 4
-195 620 11
-297 763 19
1912 -731 6
1700 -777 4
746 -984 3
1806 -754 9
1276 -869 19
1064 -915 6
2230 -662 20
640 -1007 5
-303 -603 9
-39 -231 18
-105 -324 8
819 978 3
687 792 3
93 -45 6
621 699 17
885 1071 4
555 606 20
1474 1163 13
241 821 9
789 973 6
1885 1277 19
2159 1353 14
378 859 11
104 783 2
2296 1391 2
1588 -987 12
300 651 7
576 300 7
-68 1119 12
1312 -636 3
732 -781 6
-688 429 13
-262 66 3
1442 -1386 19
1158 -1144 7
1016 -1023 20
1584 -1507 2
22 -176 18
-1385 -629 11
239 1198 7
-769 64 19
-209 694 1
-153 757 7
127 1072 4
-430 -1342 4
417 -306 15
659 -10 19
-914 -1934 11
780 138 11
296 -454 15
538 -158 8
901 286 6
465 -1168 8
1457 -656 11
-279 -1552 6
-632 -1183 14
-1633 -658 18
369 -1708 5
-336 -1009 7
1050 197 5
-259 -942 7
-567 -1210 4
509 640 16
1477 1883 20
157 188 20
685 866 2
1037 1318 12
333 414 6
1125 1431 3
45 155 18
621 -9 9
765 -50 9
-531 319 3
477 32 4
-1395 565 1
-255 -344 18
-970 -629 16
-684 -515 17
460 -59 13
-398 -401 14
31 -230 7
123 377 12
1608 -1273 20
-814 1324 8
-124 314 13
566 -696 12
-607 1021 16
-538 920 1
-55 213 2
-531 -737 18
964 -438 11
-761 -783 5
619 -507 14
-646 -760 7
-991 -829 1
-301 -691 16
-1221 -875 2
-416 -714 17
183 -680 14
-101 -880 5
41 -780 8
325 -580 16
197 -417 18
737 -557 2
-127 -333 12
-667 -193 3
-883 -137 1
89 -389 5
-181 -319 3
-289 -291 11
-235 -305 13
953 -613 2
-504 -668 17
-389 -118 3
-274 432 5
-366 -8 10
-527 -778 3
198 697 5
-42 582 14
-426 398 4
1350 1249 2
1110 1134 2
630 904 11
800 -669 5
659 -550 2
100 -98 16
940 -470 11
-518 -1498 6
-11 -692 2
-362 -1250 12
-557 -1560 1
457 52 17
340 -134 2
67 -568 12
-1149 -1551 17
-954 -1134 17
-1279 -1829 2
-1214 -1690 6
-759 -717 17
-824 -856 5
-564 -300 13
-1246 -336 12
-1391 -385 15
59 105 9
-666 -140 14
-521 -91 18
349 203 13
204 154 5
832 -425 5
-158 -945 2
436 -633 18
1228 -217 12
1426 -113 16
634 -529 4
535 -581 13
-59 -893 4
-356 -1049 11
-752 -1257 14
445 586 2
205 694 12
1405 154 6
-395 964 14
1765 -8 20
200 -752 16
-196 -542 11
596 -962 6
573 136 17
1143 856 5
1029 712 15
1656 1504 11
-414 -1119 9
-59 -564 20
83 -342 14
438 213 10
-485 -1230 9
-272 -897 7
225 -120 8
-556 -1341 3
651 546 2
-769 -1674 2
561 163 16
-439 1307 19
436 306 20
796 -44 18
-952 2084 8
428 404 16
-492 1524 3
-860 1972 13
-400 1412 15
-676 1748 7
-814 1916 13
244 628 5
1785 250 10
-273 600 3
-126 575 18
1491 300 18
315 500 3
168 525 12
293 1432 18
1273 -48 12
-1 1876 16
1077 248 15
1371 -196 16
979 396 4
587 988 8
227 229 7
1123 789 10
-669 -331 8
-285 -91 2
-828 329 6
-696 -55 6
-476 -695 13
-278 -1271 1
-190 -1527 1
-454 -759 18
-387 1297 16
-837 -678 11
-891 -915 4
-777 -761 1
-569 375 10
-803 -903 5
-881 -1329 17
-543 517 13
-855 -1187 2
-595 233 17
-933 -1613 8
-1782 1842 11
-241 -90 16
-978 834 8
-1648 1674 14
-1514 1506 10
-1380 1338 5
-643 414 18
218 833 17
1358 776 13
458 821 15
1898 749 14
1058 791 4
-1069 -1594 5
-677 -1318 13
-1167 -1663 5
-1265 -1732 7
863 -49 16
1031 1139 4
975 743 12
807 -445 3
733 -1675 17
-863 -163 13
-207 -255 8
-426 -471 13
-353 -399 15
-1229 -1263 17
-1448 -1479 15
921 1227 13
113 171 9
1325 1755 9
820 1095 3
-905 -1089 18
-617 -1513 1
-1337 -453 8
-1265 -559 12
-761 -1301 4
-1625 -29 18
-1769 183 15
-1553 -135 12
208 -1156 1
294 -1276 6
-480 -196 13
-50 -796 20
-394 -316 2
-738 164 15
-111 1155 15
29 1055 18
729 555 8
169 955 16
1149 255 19
-630 1431 16
-749 682 19
-800 361 20
-664 1217 8
-681 1110 2
-579 1752 11
-885 -174 18
1171 -1545 1
799 -681 13
1326 -1905 9
396 255 11
1295 -1833 15
1202 -1617 1
861 -825 2
1047 -1257 9
-192 -671 7
-192 1339 15
-192 870 8
-192 1540 17
942 -101 13
-610 1387 17
651 178 16
166 643 4
-319 1108 14
101 527 12
545 704 15
-491 291 17
-195 409 15
249 586 20
397 645 10
-1083 55 10
-639 232 18
-1379 -63 2
-592 1896 1
-1216 -56 5
-982 676 7
-1333 -422 19
-904 920 5
-865 1042 12
-1138 188 17
-670 1652 16
-787 1286 11
1004 699 8
367 -81 5
759 399 4
-25 -561 15
1863 -1470 6
563 -1041 18
-623 548 5
-587 -1270 4
-593 -967 11
542 -1060 18
611 -1131 15
-424 -66 17
-838 360 18
-562 76 16
-79 -421 16
-217 -279 5
-61 309 13
604 -426 6
22 421 14
244 10 1
540 -538 12
318 -127 14
392 -264 13
688 -812 8
96 284 2
-1250 -1106 11
279 -831 4
-833 -1031 4
835 -731 17
-416 -956 5
974 -706 1
814 -542 6
1210 -329 7
2134 168 13
550 -684 1
1705 -1441 20
1105 -1057 15
177 -173 10
58 -301 16
-418 -813 9
-656 -1069 9
-7 950 20
-1724 -376 8
-1623 -298 9
-411 638 19
-1926 -532 8
655 44 11
1355 -111 19
1215 -80 7
1495 -142 12
795 13 16
935 -18 17
1635 -173 19
375 106 8
910 966 10
82 168 13
1324 1365 11
-608 -497 8
1600 1631 11
-56 35 16
-194 -98 6
-531 257 10
179 317 2
463 341 16
-815 233 20
391 -1117 3
-79 -502 7
767 -1609 14
579 -1363 15
15 -625 17
-737 359 15
-831 482 11
1114 253 2
754 1061 18
619 1364 5
1069 354 5
1249 -50 9
1294 -151 7
273 633 13
2109 72 2
1353 303 13
1929 127 5
561 545 16
381 600 4
-1499 -159 5
-1766 -267 1
-698 165 4
-1175 -184 10
-1200 -310 2
-775 1832 11
-1075 320 1
-1050 446 12
-925 1076 9
-1150 -58 14
-1125 68 5
1108 316 5
1108 285 2
1108 1122 20
1108 -490 18
1108 -738 18
1108 1370 15
1108 1029 1
-396 2215 14
644 -177 18
364 467 17
444 283 2
39 -722 2
-192 -1133 18
-654 -1955 19
116 -585 13
578 237 15
-269 -1270 2
-731 -2092 13
-500 -1681 13
-423 -1544 13
1164 919 17
1223 931 8
-134 655 9
107 -193 3
691 -237 19
-185 -171 1
-39 -182 6
-331 -160 20
-477 -149 18
-259 868 6
-1303 -776 5
-955 -228 7
-1651 -1324 17
102 663 2
-1182 -1005 2
-433 -32 1
-647 -310 16
530 1219 18
-1075 -866 5
-219 246 2
-861 -588 19
1084 845 3
276 -299 12
680 273 6
478 -13 16
1589 1560 1
1690 1703 18
1892 1989 19
1791 1846 10
688 1566 13
133 291 7
355 801 1
651 1481 15
-274 -644 3
-58 -459 6
-1003 -137 13
-1273 -45 2
752 -735 11
347 -597 7
-868 370 18
63 685 6
-735 415 14
-1932 10 7
-1400 190 19
-1533 145 2
-1267 235 3
1077 1010 5
1797 2106 17
807 599 12
1257 1284 8
537 188 4
1527 1695 12
1895 -12 1
1351 348 14
-345 -597 6
780 294 14
1113 -37 6
641 -197 2
464 -257 8
169 -357 3
1998 263 1
1821 203 13
1939 243 12
-160 -876 7
-392 -928 1
536 -720 9
-44 -850 6
-1204 -1110 3
-1436 -1162 4
-637 -468 1
-227 -18 7
1593 404 15
620 320 17
342 296 4
481 308 13
-492 224 3
-311 -40 2
-398 1526 19
-413 1796 1
-419 1904 14
-326 230 5
-335 392 4
-425 2012 1
-428 2066 11
4 -906 11
-1382 -1662 20
-1228 -1578 2
466 -654 15
-1074 -1494 12
389 -696 20
697 -528 16
-34 215 9
-1462 -973 2
-391 -82 6
323 512 6
-629 -280 2
-153 116 16
-222 -213 16
-1358 1467 19
-1287 1362 11
-1429 1572 13
-1074 1047 6
-790 627 10
-648 417 14
-435 102 16
-1206 474 9
-842 817 3
-10 1601 5
-998 670 3
166 -341 9
-989 -572 11
-1724 -719 9
-1829 -740 7
-44 -383 15
481 -278 12
-464 -467 17
271 -320 16
467 1153 20
860 769 2
426 -829 10
723 -379 5
-27 515 13
-1049 -773 6
-830 -497 18
681 -856 4
-1544 819 1
-743 216 16
-1633 886 7
-1366 685 17
-31 -320 9
-1455 752 12
-565 82 5
-591 926 16
669 1637 12
-311 1084 15
-1431 452 12
389 1479 12
1803 -433 7
1243 -293 7
515 -111 18
907 -209 20
1019 -237 3
1523 -363 8
2027 -489 5
459 -97 11
1828 450 19
1722 418 8
26 -94 3
1934 482 3
2146 546 18
410 -1015 1
754 -1539 17
152 -622 8
-192 -98 4
1324 -1422 8
-548 -510 17
-314 -624 7
-704 -434 17
-626 -472 2
544 -1042 2
-1412 135 1
460 -1209 13
382 -1153 12
1787 -24 12
731 -680 1
-193 -1254 7
1655 -106 7
1259 -352 15
203 -1008 3
1919 58 5
467 -844 17
4 401 17
1124 -709 18
-220 623 2
1796 -1375 4
1236 -820 20
1012 -598 7
452 -43 7
1684 -1264 5
554 -1509 15
1098 123 5
826 -693 1
588 -1407 1
894 -489 17
150 -866 12
50 304 14
-238 -469 19
-710 -1413 14
-662 -1317 20
1354 952 5
1108 892 8
1 622 2
985 862 19
-195 -481 18
-111 -229 6
-48 -40 16
-258 -670 10
-426 -1174 15
-636 -1804 13
-594 -1678 12
-615 -1741 5
-411 687 20
-397 547 10
-453 1107 3
-355 127 14
-334 -83 18
-285 -573 14
-271 -713 7
101 -1229 8
-536 -368 17
-172 -860 2
465 -1721 19
-354 -614 15
460 468 9
521 433 10
887 223 11
338 538 16
-89 783 6
399 503 1
1023 -92 9
1023 -238 14
1023 1076 4
1023 -530 11
1023 -676 19
1023 346 9
1023 54 11
1023 638 11
210 -998 12
-210 -1543 20
-42 -1325 20
-294 -1652 7
-630 -2088 8
-715 339 17
491 141 4
-246 262 16
223 185 10
-1073 -492 19
-948 168 1
-619 -1016 6
-334 409 6
-638 -1111 6
-771 -1776 17
-581 -826 6
-505 -446 12
-429 -66 7
-410 29 10
444 278 11
-1524 -522 1
-786 -222 12
-1032 -322 8
536 549 9
-906 2103 9
124 993 5
227 882 8
-597 1770 1
63 575 20
267 716 2
-685 58 6
1083 1280 17
-141 434 9
-1025 -177 2
947 1186 20
1032 -1002 11
647 -254 4
332 358 17
1312 -1546 20
857 -662 13
927 -798 9
577 -118 10
-351 -840 4
-861 -1325 16
-1587 -1897 9
-1037 -1177 4
-47 119 6
-1367 -1609 11
813 1254 5
995 1036 19
1723 164 8
449 1690 9
1086 927 10
85 2126 2
50 -1290 20
523 -905 18
953 -555 17
738 -730 13
-251 -1535 19
1641 5 6
1512 -100 16
394 -1010 16
1168 -380 2
824 -660 20
596 98 5
465 7 16
-59 -357 9
-321 -539 14
-714 -812 14
1251 553 15
1513 735 19
203 -175 15
-418 715 11
-226 481 5
926 -923 16
1022 -1040 2
-34 247 19
963 198 13
827 -30 20
521 -543 18
793 -87 8
-227 -1797 18
-125 -1626 20
555 -486 13
997 255 18
147 -1170 4
1065 369 11
763 69 16
715 -1179 5
766 147 7
793 849 10
721 -1023 2
-1404 502 19
-612 865 18
-1476 469 4
-396 964 14
-684 832 8
-324 997 16
612 1426 10
-1116 634 15
-291 -795 15
-711 45 13
1106 -445 18
758 695 7
1077 -350 16
671 980 15
1019 -160 19
-1190 -171 20
-1272 -294 3
-452 936 13
-534 813 14
-1436 -540 12
979 1068 18
1075 1252 3
1171 1436 13
715 562 20
547 240 3
1255 1597 20
1111 1321 3
-653 1233 9
91 57 7
-219 547 17
-839 1527 10
-591 1135 15
-343 743 6
-529 1037 13
153 -41 20
-405 841 14
277 -237 13
799 -150 6
-930 1566 17
666 -18 4
-901 -365 9
-511 1075 2
-196 -388 7
534 -1018 12
-780 116 11
685 298 20
717 470 4
909 1502 12
621 -46 18
-286 1052 13
-382 998 20
-1438 404 8
-1246 512 19
578 1538 14
-1049 1450 2
-1001 -374 18
-1019 310 8
-1034 880 14
-1046 1336 9
-1025 538 11
-1004 -260 18
-1052 1564 9
291 308 5
763 -208 8
527 50 4
607 -139 20
559 21 4
547 61 8
493 915 6
845 -189 13
581 639 4
1034 319 7
1568 1021 20
-1092 784 1
-630 707 6
42 595 6
-714 721 17
-798 735 12
420 532 1
-756 728 19
-546 693 3
588 504 2
-523 441 12
-1225 963 19
530 -342 1
-640 528 10
179 -81 13
-1108 876 5
201 945 17
-81 1003 6
483 887 16
765 829 19
906 800 13
-645 1119 10
-222 1032 2
1188 742 19
216 -1347 10
21 -1972 11
138 -1597 19
372 -847 8
723 278 14
294 -1097 13
-741 22 8
315 -1045 2
27 -754 18
1371 -2112 16
-549 -172 14
603 -1336 6
-1759 -897 15
-549 -1027 16
-65 -1079 6
-1880 -884 13
-1275 -949 1
-2001 -871 9
419 -1131 16
-16 1941 9
-118 1751 12
-985 136 5
-679 706 12
681 893 12
1689 509 4
114 1109 10
1122 725 19
870 821 11
429 989 2
-276 -510 7
-744 1578 12
-354 -162 6
-452 -367 17
-1012 853 5
-1124 1097 19
-984 792 1
-1068 975 18
-198 -567 8
-936 -693 11
-526 -623 9
212 -497 3
-116 -553 4
622 -427 16
-772 -665 5
-522 -37 11
-182 -397 20
-46 -541 5
294 -901 20
362 -973 15
-672 491 16
318 1 16
-1068 687 1
-1266 785 6
-870 589 3
-474 393 8
838 1031 16
1790 -89 9
600 1311 9
719 1171 15
1314 471 19
5 2011 12
-148 -540 6
264 -888 5
-1075 243 12
-869 69 6
676 -1236 10
-1178 330 2
-354 -366 5
433 733 3
