38 60
70 60
90 -10
143 -10
62 60
150 90
61 60
132 -10
30 33
150 62
150 97
106 120
64 20
53 20
148 -10
150 105
68 60
80 0
130 -10
100 74
150 33
142 -10
100 92
150 50
150 43
150 104
150 18
109 -10
75 60
80 15
150 78
112 120
70 20
150 56
80 -5
76 20
95 -10
54 60
150 63
134 120
137 120
30 20
150 -2
47 20
150 32
150 36
117 -10
66 20
37 60
100 101
82 60
92 60
115 -10
100 60
118 120
56 60
150 103
100 100
84 -10
150 109
94 60
150 -10
150 64
150 37
150 110
80 19
100 120
30 25
80 13
87 -10
57 60
30 58
150 28
100 104
100 76
80 20
100 99
141 -10
112 -10
150 38
54 20
127 120
120 120
100 116
134 -10
80 14
88 60
96 60
74 20
150 19
100 85
46 60
133 120
150 120
147 -10
148 120
44 20
150 5
73 60
83 -10
100 75
40 60
30 60
100 80
30 44
150 82
100 -10
100 102
80 -9
33 60
30 37
52 60
69 60
79 20
100 117
78 60
42 20
52 20
113 120
62 20
100 68
50 60
99 60
150 117
30 57
150 11
59 20
150 51
150 31
30 39
60 60
150 21
126 -10
100 70
105 120
100 73
150 99
150 45
100 113
150 81
32 20
108 -10
60 20
150 70
147 120
150 116
131 120
135 -10
138 120
150 -5
45 60
30 49
150 89
32 60
150 102
80 -10
136 -10
129 -10
75 20
100 72
80 -3
111 120
100 84
150 98
80 4
80 18
100 82
85 -10
100 110
80 17
105 -10
150 14
100 95
150 -1
150 34
