16 34
17 21
29 20
33 19
25 24
21 21
32 26
18 25
23 17
29 19
20 22
25 21
26 19
20 25
32 33
21 27
32 23
24 33
31 22
18 21
27 29
25 29
32 27
32 19
14 24
27 26
14 31
17 17
23 31
26 17
26 22
16 21
33 26
31 27
14 17
33 24
33 18
24 19
20 31
22 20
17 34
18 26
23 32
25 23
16 24
28 28
17 28
24 18
27 23
30 20
29 31
14 29
21 29
25 30
33 31
29 25
30 27
31 18
17 23
30 31
29 18
21 19
32 29
21 18
21 30
21 33
18 31
19 24
31 25
27 22
15 34
19 30
33 32
31 33
19 21
20 27
23 19
23 22
23 18
31 17
28 24
25 27
27 25
16 32
24 29
20 32
32 21
27 28
24 17
17 33
29 29
29 21
32 18
25 34
31 20
25 18
23 24
29 17
22 32
18 20
18 27
30 18
26 27
26 28
14 22
20 33
32 24
14 23
30 25
28 20
19 20
21 34
14 19
23 34
28 32
30 19
16 22
24 30
33 20
19 29
20 17
28 26
23 26
14 21
17 20
17 22
19 31
21 25
32 28
30 17
14 33
14 28
21 20
17 19
21 23
22 24
25 20
21 32
21 17
18 32
29 23
27 33
30 33
16 25
32 22
22 31
33 33
21 22
16 19
25 19
16 30
33 29
26 24
25 26
24 21
31 24
16 26
22 19
24 34
22 34
20 34
16 17
17 27
28 18
33 34
22 21
29 32
33 21
33 23
31 19
32 17
16 31
27 20
23 28
27 30
28 25
31 26
22 28
16 28
24 26
24 27
28 27
20 30
16 20
31 23
28 17
18 34
29 24
23 23
24 20
32 32
19 23
16 18
20 28
21 28
22 22
22 29
18 30
30 23
26 25
24 24
19 28
32 30
15 17
25 28
28 31
27 21
20 24
32 20
31 21
26 34
17 31
31 30
19 34
14 30
21 31
19 25
20 21
22 17
18 22
26 29
27 34
24 25
19 27
21 24
23 21
31 29
26 26
20 23
14 34
19 26
20 26
18 17
17 29
22 26
18 33
25 32
33 28
32 34
30 22
17 30
16 27
14 25
30 32
16 23
26 31
18 28
17 18
29 33
18 19
33 22
31 32
19 33
18 18
22 27
29 26
29 28
14 20
20 20
14 26
33 25
19 17
28 30
27 32
28 34
24 22
27 27
19 32
28 19
21 26
26 32
25 17
29 27
33 30
22 30
28 29
27 24
18 23
30 28
30 26
22 25
33 27
28 22
28 23
31 28
17 24
19 18
17 25
18 24
24 28
14 18
28 21
16 29
30 21
23 27
32 25
27 18
26 20
18 29
16 33
26 33
29 30
20 29
26 30
14 32
22 23
31 34
27 19
29 22
23 30
25 31
33 17
14 27
27 31
27 17
25 33
24 31
25 22
29 34
31 31
19 19
24 23
26 18
28 33
19 22
17 32
30 24
23 25
30 34
30 29
17 26
22 33
26 21
30 30
22 18
32 31
24 32
26 23
23 29
23 33
23 20
25 25
