000000
111000
111000
110100
010110
110011

001000
101000
110100
110100
100010
111110

010001
110000
001010
001000
011111
101110

111011
011001
000010
111001
010001
001000

010110
001001
110100
000000
101000
000101

010110
111001
110111
011000
111001
011000

001111
001111
011111
111011
011011
000110

110111
000110
111111
100111
100110
011011

000101
010001
101010
100100
110100
101011

001010
010010
011100
000111
010010
111001

010010
001100
110100
111101
110110
110101

101100
111010
110011
111110
111001
101101

011101
001000
101111
011000
010000
011100

001100
010011
001011
011100
001110
100001

011010
100100
011111
101011
101001
100110

111011
011011
010110
110111
000001
001010

111010
100110
000010
110010
100011
010001

100010
011000
001000
010111
001000
000110

101001
001011
101011
000011
001001
001001

111111
011011
100101
001001
010010
100110

111011
000110
001010
000011
100100
011010

101000
101001
111000
111100
101110
110101

001111
000011
101010
001011
000110
000110

111111
100110
001111
010011
000111
000010

001111
010000
100101
110110
000110
001010

100100
111010
110111
111000
111011
111011

111000
100000
111110
101010
101101
110110

011111
010001
001111
010010
000001
100010

101111
101110
011111
011000
000101
010010

000100
111010
100100
000001
001110
101111

011000
101000
000010
110100
111110
111000

001000
000001
000010
110101
010111
111110

101011
011111
111011
000011
000100
001101

100110
001011
111100
100011
000100
011000

110111
111100
110111
101000
011000
101000

000110
110101
000110
001001
000101
000000

001110
010000
010011
000101
111111
111101

111100
000111
100111
010110
101010
101010

010100
110000
111011
110010
101111
111000

011100
100100
110010
100100
111010
111111

011010
111100
100011
010100
001111
111001

111100
001100
100100
110101
111010
111010

010000
000000
110000
010100
110100
110101

011000
101000
111001
100101
111100
111110

000000
000111
110001
011010
001011
111001

001101
011111
000001
001001
000010
100111

110100
011110
111100
001111
111000
010100

101011
010011
101010
001111
000001
000010

011101
111110
000101
000001
011010
000010

000001
111011
100101
010110
110011
101110
